2000.000000 2.000000
53.669142 989.195528
62.598729 987.027131
117.977628 986.202444
127.272475 985.835083
137.864029 985.760342
141.766310 983.859159
143.295388 981.714761
162.029575 980.510708
174.476618 979.455656
185.947571 978.834429
186.199823 978.741166
186.227782 978.696902
186.241431 978.566763
186.339530 977.999160
186.405138 976.899466
186.405450 975.969091
186.405635 975.940127
186.429109 975.854909
186.439273 975.822833
186.664292 974.037159
188.057576 973.855935
190.879477 973.762378
191.343940 973.029534
193.265897 972.345094
194.866439 969.984919
194.940179 969.525646
195.812015 969.033135
195.855503 969.027943
195.873670 968.958972
196.084453 968.037599
197.280192 920.987339
200.917411 916.081043
201.747153 912.882513
241.967750 911.575178
242.099759 911.180015
243.035117 910.524130
243.617385 908.788685
244.947292 907.137890
269.756517 907.022086
285.441105 906.982135
323.488665 888.808780
324.409257 888.368916
324.773487 886.121299
325.965470 885.775591
326.814901 877.504654
326.901046 874.139489
326.923754 873.007618
327.282099 870.619488
327.652613 870.159881
327.675157 867.875257
330.781577 860.140585
335.376210 832.763654
335.421668 831.093595
335.688318 828.004581
335.689497 822.984282
335.692113 818.042336
335.692113 817.843368
335.692113 817.650069
335.692113 817.625563
335.692113 817.618762
335.692113 817.618339
335.692113 817.618240
335.692114 817.615720
335.692115 817.614665
335.692115 817.613630
335.692115 817.610702
335.692116 817.604861
335.692116 817.603268
335.692117 817.417801
335.692133 817.290053
335.692149 816.825525
335.692154 816.775952
335.692154 816.680352
335.692154 816.621746
335.692161 816.594687
335.692173 816.021477
335.692175 811.833198
335.693431 811.781975
335.693448 811.769016
335.693512 811.761569
335.693521 811.761567
335.693524 811.761567
335.693526 811.761564
335.693539 811.761547
335.693548 811.761208
335.693549 811.761164
335.693550 811.761162
335.693551 811.761161
335.693556 811.761157
335.693556 811.761153
335.693556 811.761153
335.693556 811.761153
335.693556 811.761153
335.693556 811.761153
335.693564 811.760419
335.693577 811.760347
335.693628 811.760057
335.693633 811.759412
335.693644 811.758047
335.693654 811.757928
335.693684 811.714056
335.693783 811.712967
335.693792 811.668447
335.693850 811.628088
335.693867 811.617271
335.694029 811.589686
335.694049 811.581468
335.694057 811.577498
335.694090 811.556267
335.694098 811.523962
335.694577 811.398569
335.702614 810.647448
335.711177 810.248970
335.714772 809.960066
335.719171 809.799069
335.726235 809.573512
335.726244 809.466033
335.726245 809.389047
335.726271 809.363040
335.727319 809.065364
335.727340 809.028189
335.727342 809.026215
335.727342 809.025488
335.727344 809.025243
335.727348 809.024282
335.727354 809.020813
335.727406 808.942231
335.728076 808.895358
335.728133 808.745417
335.728202 808.667803
335.728202 808.486607
335.728202 808.484904
335.728202 808.484391
335.728202 808.482719
335.728202 808.481966
335.728202 808.480182
335.728202 808.478968
335.728202 808.463737
335.728202 808.461884
335.728202 808.461226
335.728202 808.451715
335.728202 808.439978
335.728202 808.436036
335.728202 808.433657
335.728202 808.432565
335.728202 808.431625
335.728202 808.429975
335.728202 808.428805
335.728202 808.427635
335.728202 808.427276
335.728202 808.416720
335.728202 808.408387
335.728202 808.406921
335.728202 808.405409
335.728202 808.403989
335.728227 808.013718
335.728272 807.984468
335.728325 807.707038
335.728795 807.207272
335.728797 807.198398
335.728825 807.180931
335.728846 807.172562
335.728846 807.172409
335.728846 807.172398
335.728847 807.172384
335.728856 807.172369
335.728864 807.171715
335.728877 807.156897
335.728880 807.143584
335.728884 807.106749
335.728886 807.102772
335.728894 807.095060
335.870138 806.959534
335.876460 806.912713
335.887787 806.795873
335.896704 806.749032
335.908274 806.593471
335.909637 803.579333
335.923740 801.550001
335.935019 800.328987
336.017953 790.013275
336.113571 789.008730
336.534197 763.481071
337.038287 762.370943
337.958515 762.312103
337.963986 757.994235
338.101007 755.972620
338.102898 755.434876
338.129144 754.869291
338.246273 754.752595
338.272491 754.622932
338.272700 754.622698
338.284439 754.619996
338.284552 738.782487
338.295997 635.656681
338.300169 622.010477
338.330681 529.005023
338.331078 527.935266
338.333474 526.463869
338.338545 520.505750
338.344598 514.760381
338.344727 514.706058
338.344828 513.816334
338.345541 512.546510
338.346643 512.438240
338.417489 509.994368
338.483032 509.338751
338.511864 509.074614
338.915580 508.970616
339.280296 508.215456
339.283149 508.172977
339.286104 508.133497
339.604342 508.049280
339.608365 504.230774
339.614874 495.822108
340.479425 494.723701
342.290142 482.302694
342.591663 463.183468
342.793657 459.415733
343.503529 441.079566
347.508395 434.056204
347.520665 431.890095
347.520735 431.883521
347.520748 431.882478
347.520857 431.850224
347.521215 431.693406
347.521650 430.163893
347.521723 429.329932
347.522769 428.689133
347.538722 424.739340
347.549738 424.206787
347.555143 424.154147
347.557340 424.012860
347.563491 422.597075
347.564146 421.840678
347.564236 421.229551
347.564253 421.208126
347.564298 421.171872
347.763790 420.562543
347.834713 419.427507
347.834925 419.426256
347.837000 419.425388
347.839576 419.409846
347.840071 419.353954
347.875622 419.330158
348.297376 406.680063
348.697253 401.579987
348.700893 384.880469
348.705827 375.326586
348.706223 323.592940
349.034826 321.454984
349.114223 321.436617
349.201281 321.393069
349.256212 293.455320
349.274781 285.557442
349.282355 280.615324
349.334106 267.486606
349.336721 267.007597
349.336861 266.927202
349.340494 266.828713
349.365247 266.815140
349.366546 266.814932
349.370182 266.814766
349.371319 266.814766
349.371509 266.814740
349.374106 266.814739
349.377029 266.814726
349.377153 266.814571
349.379253 266.814558
349.381881 266.813741
349.387089 266.810104
349.406283 266.809016
349.409383 266.808793
349.418531 266.731574
349.420085 266.714666
349.423980 266.706281
349.425649 266.689826
349.427477 266.688294
349.427557 266.686907
349.427568 266.686032
349.427644 266.685410
349.427704 266.683954
349.427941 266.682482
349.428109 266.680756
349.428109 266.679525
349.428109 266.679302
349.428111 266.679226
349.428112 266.678703
349.428411 266.671692
349.428670 266.671236
349.428744 266.671001
349.429010 266.670629
349.429284 266.668889
349.429903 266.667234
349.434000 266.599834
349.435363 266.598718
349.437045 266.590325
349.437064 266.589159
349.438711 266.589110
349.440123 266.589067
349.441922 266.589038
349.442397 266.587674
349.442459 266.587248
349.447746 266.585824
349.447755 266.570867
349.447796 266.544606
349.448160 266.544340
349.448173 266.537865
349.448715 266.529499
349.448715 266.529281
349.448715 266.528611
349.448715 266.528492
349.448715 266.528483
349.448717 266.528237
349.448725 266.527760
349.448769 266.527721
349.448778 266.527679
349.448804 266.527417
349.448817 266.527413
349.448818 266.527401
349.448831 266.527398
349.448832 266.527397
349.448885 266.527344
349.448889 266.527274
349.448902 266.526956
349.448904 266.526759
349.448910 266.526617
349.448927 266.524595
349.448978 266.523928
349.448987 266.523274
349.449088 266.522571
349.449231 266.503913
349.449570 266.503905
349.450114 266.503899
349.450428 266.503719
349.450608 266.503708
349.450690 266.503695
349.452061 266.502896
349.458191 266.464373
349.478077 266.445997
349.492008 266.444653
349.499872 266.427771
349.510689 266.398210
349.510736 266.396267
349.510746 266.393949
349.510795 266.387604
349.510808 266.386944
349.510977 266.382666
349.511020 266.380026
349.511026 266.378826
349.511028 266.377738
349.511036 266.377600
349.511038 266.377600
349.511038 266.377595
349.511038 266.377594
349.511039 266.377593
349.511039 266.377593
349.511039 266.377592
349.511041 266.377590
349.511041 266.377480
349.511041 266.376990
349.511041 266.366740
349.511045 266.364845
349.511046 266.364665
349.511047 266.363703
349.511048 266.359464
349.511052 266.358847
349.511053 266.358043
349.511057 266.358003
349.511057 266.357483
349.511070 266.338241
349.511073 266.334656
349.511078 266.330543
349.511080 266.328601
349.511081 266.327931
349.511084 266.327873
349.511085 266.318710
349.511085 266.313982
349.511085 266.312982
349.511102 266.244554
349.544189 266.243403
349.554598 266.226022
349.563816 266.224395
349.632764 266.197843
350.298274 261.729470
350.345477 261.453710
350.357186 260.674024
351.116005 260.574005
351.826553 259.970732
351.862991 259.939595
351.864751 258.684540
351.928357 258.230552
351.942416 257.608590
351.942868 257.463247
351.963517 254.648721
351.980134 254.606547
351.985192 254.191246
351.986458 253.312361
351.988266 252.250907
351.988266 252.150919
351.988267 252.076438
351.988267 252.023776
351.988271 251.994398
351.990266 251.963563
351.992535 251.945441
351.993421 251.851818
351.993635 251.689848
351.994109 251.674942
352.004561 251.645665
352.004658 251.641526
352.004691 251.623728
352.004694 251.622082
352.004819 251.619483
352.005206 251.047845
352.005734 250.516017
352.006557 249.570113
352.007328 248.858468
352.007504 248.606780
352.007546 248.403465
352.008961 248.345894
352.009562 248.343948
352.009701 248.318162
352.009839 248.317915
352.009895 248.317501
352.009907 248.317427
352.009917 248.316474
352.029170 248.225799
352.840393 245.833171
352.980435 245.821296
353.079214 245.781511
353.107412 245.605826
353.107428 245.604914
353.108160 245.602061
353.108184 245.495757
353.108192 245.471447
353.108196 245.325102
353.108201 245.315011
353.108222 245.294373
353.108279 245.256775
353.108771 244.978046
353.109664 244.945970
353.130502 244.382225
353.141995 244.376230
353.154007 244.361438
353.232060 244.253836
353.287673 242.468516
353.366826 242.291797
353.593816 242.210838
353.636890 241.719033
354.172651 241.699163
354.174173 241.688742
354.178816 241.683735
354.189114 241.682029
354.189146 241.674624
354.196165 241.673280
354.198897 241.652936
354.205482 241.646028
354.207855 241.634572
354.208062 241.633217
354.211930 241.605003
354.234907 241.552769
354.243479 241.551593
354.245779 241.549623
354.245780 241.545518
354.245781 241.542012
354.245786 241.540694
354.245827 241.539985
354.245876 241.537939
354.245925 241.536970
354.246326 241.517727
354.249091 241.482903
354.263711 241.454361
354.365334 241.445853
354.366280 241.444277
354.368203 241.434337
354.369325 241.428475
354.370626 241.426755
354.371068 241.425227
354.371325 241.425066
354.372270 241.422582
354.377077 241.421516
354.409488 241.391680
354.409796 241.343641
354.619255 241.318388
354.621257 241.311976
354.706871 241.309419
354.712620 241.307811
354.757556 241.302704
354.757866 241.278288
354.769138 241.277397
354.773482 241.273885
354.776097 241.273701
354.776204 241.272833
354.822879 241.271357
355.433545 240.867861
355.503556 240.833917
355.538419 240.355925
355.656034 240.135103
355.687715 240.074433
355.717933 240.052089
355.719941 239.529815
355.742598 238.915716
355.761715 238.289461
355.764830 238.260110
355.765420 238.175590
355.769236 238.117495
355.774016 238.032846
355.781423 238.027451
355.781658 238.022828
355.781941 238.021262
355.782071 238.010581
355.783765 238.006263
355.799032 237.963959
355.799077 237.951157
355.799861 237.949868
355.799982 237.949733
355.800607 237.949597
355.800673 237.949520
355.801212 237.922228
355.801319 237.918332
355.801325 237.910557
355.801357 237.906475
355.801478 237.903906
355.802412 237.902412
355.802662 237.901567
355.802856 237.888209
355.803008 237.876321
355.815993 237.839668
355.816212 237.820568
355.816273 237.817901
355.816285 237.817763
355.816299 237.817647
355.816394 237.813484
355.816459 237.811352
355.816696 237.751737
355.816702 237.748626
355.816705 237.748515
355.816707 237.748102
355.816718 237.747488
356.143438 237.222532
356.218442 237.145919
356.218487 237.135884
356.219540 237.122448
356.224650 237.116587
356.231360 237.056681
356.232180 237.046516
356.234148 237.042787
356.601800 236.397112
356.640437 236.337394
356.730691 233.679887
356.731358 233.533463
356.734534 233.470724
356.742225 233.295886
356.747635 233.281264
356.753688 233.270473
356.898687 233.006554
356.944321 232.879574
356.972082 232.603560
356.975664 232.043782
357.021411 231.866794
357.022093 231.790919
357.022887 231.745872
357.022956 231.692387
357.023076 231.686420
357.023267 231.686353
357.023603 231.681954
357.025543 231.681014
357.028790 231.680262
357.029237 231.677308
357.029248 231.627487
357.029482 231.622503
357.030048 231.621369
357.031397 231.621287
357.031561 231.618101
357.031903 231.616323
357.032425 231.609192
357.164613 231.607560
357.189029 231.607402
357.257601 231.606964
357.488529 231.604084
357.504236 231.602990
357.609261 231.602714
357.620078 231.600368
357.698788 231.599428
357.713357 231.594273
358.519421 231.545065
358.823472 230.577290
358.886422 230.324442
358.919347 230.313235
358.938440 230.250214
358.938448 230.248389
358.950525 230.231456
359.093201 226.617902
359.108439 224.258772
359.157798 223.314332
359.161369 223.134713
359.161558 223.089792
359.166917 223.078239
359.204378 223.064352
359.214539 221.453944
359.219616 220.414118
359.600456 218.896206
359.973115 217.468060
360.255983 188.715117
360.522054 180.708077
360.547837 180.698727
360.549134 180.658711
360.665743 180.609103
360.704129 180.562232
360.731145 180.546623
360.824019 180.420557
360.826345 180.366587
360.827266 180.260361
360.955417 180.254355
361.004958 180.008902
361.025505 179.401106
361.028702 178.996345
361.031117 177.581930
361.200053 177.452431
361.269181 167.017045
361.286048 161.252805
362.946510 157.945029
363.576843 154.027966
363.603811 153.905776
363.801211 153.155449
366.848486 153.153916
367.583548 153.110202
436.690286 152.933844
438.136357 152.893645
441.323313 152.806797
441.693318 152.797459
441.728429 152.790431
442.238447 152.787626
442.256946 152.760507
442.259409 152.756435
442.278438 152.755091
442.296386 152.755063
442.298809 152.754974
442.309982 152.754968
442.322933 152.754966
442.367730 152.754953
442.371523 152.754946
442.385715 152.754938
442.575398 152.754926
442.886407 152.753947
442.895531 152.753929
442.946500 152.753897
442.951109 152.753768
442.952228 152.753663
442.952775 152.753422
442.952838 152.753251
442.958911 152.753116
442.962980 152.752829
443.358962 152.571422
443.393808 152.546681
444.964528 152.538607
445.133151 152.519068
445.134629 152.514607
445.150337 152.514473
445.180869 152.510319
445.187370 152.507037
445.194567 152.503251
445.237009 152.499399
445.263592 152.496035
445.300364 152.488477
445.313289 152.469128
445.318692 152.466124
445.339906 152.453056
446.618246 152.245506
448.239602 152.110476
449.201989 151.951757
450.621227 151.092721
450.759562 151.026694
451.009051 150.905773
516.378978 148.812021
520.957427 137.431665
521.769013 132.018738
522.662034 131.425774
544.634708 129.921883
547.254755 128.888710
547.481618 128.888467
547.659587 128.877585
547.803990 128.861932
547.819455 128.861794
547.884317 128.861715
547.926097 128.860412
548.202954 128.441535
548.603407 128.146810
548.812323 128.047671
548.861343 128.003386
548.967957 127.965526
549.002957 127.965448
549.010132 127.965185
549.027188 127.965132
549.036094 127.965080
549.042960 127.965079
549.055739 127.964987
549.056471 127.964537
549.061910 127.964485
549.068382 127.964415
549.074131 127.964406
549.078548 127.964404
551.202289 127.952584
554.954346 127.926550
554.976498 127.923561
555.783736 127.921810
555.990434 127.918650
556.036026 127.915334
559.397500 127.912038
559.792081 127.900351
561.189653 127.880884
561.190385 127.763149
561.198278 127.759536
561.657957 127.755468
563.406798 127.682858
563.609690 127.593116
564.952763 127.526919
565.726287 127.526645
566.131860 127.493183
566.806396 127.436936
566.814060 127.431952
566.831110 127.431600
566.851051 127.426911
567.710027 127.233409
568.302843 127.017030
570.803680 126.961496
570.879043 126.822700
570.913369 126.584093
571.097959 126.433454
571.884096 123.360744
573.078087 123.239019
575.227868 123.235075
578.484981 123.217962
578.668174 123.185265
580.139522 123.092902
583.167376 123.090486
584.287312 123.088226
584.296115 123.088220
584.358583 123.088218
584.446401 123.088214
584.775312 123.088214
585.580954 123.088199
585.582437 123.088197
585.586798 123.088191
585.689948 123.088027
585.697083 123.081438
585.729594 123.079866
586.027488 121.981547
586.270796 121.824041
586.931720 120.895026
586.932571 120.891587
586.932862 120.889746
586.933500 120.883262
586.935093 120.883089
586.939670 120.877604
586.941677 120.877102
586.942399 120.876670
586.942467 120.874447
586.942805 120.872668
586.942905 120.872160
586.944892 120.872159
586.948406 120.872138
586.948638 120.872107
586.948688 120.872061
586.948769 120.872019
586.948927 120.871497
586.949141 120.870102
586.950464 120.869532
586.950569 120.869491
586.951549 120.862159
586.952398 120.854251
586.952695 120.842370
586.953152 120.830251
586.953599 120.830012
586.953711 120.829042
586.954226 120.825092
586.955806 120.800598
586.956140 120.800568
586.956494 120.800561
586.958817 120.800556
586.959169 120.800555
586.960350 120.800555
586.963362 120.800549
586.967885 120.800258
586.970511 120.795555
586.975243 120.795262
586.978519 120.794674
586.978976 120.794353
586.980841 120.793952
586.983551 120.793952
587.004502 120.793948
587.005695 120.793398
587.005712 120.792913
587.005746 120.792823
587.021093 120.792748
587.041417 120.782188
587.043228 120.780072
587.043655 120.779013
587.044563 120.778936
587.048769 120.778725
587.050464 120.771918
587.053422 120.758146
587.054615 120.758144
587.055091 120.758126
587.055161 120.758115
587.055227 120.758115
587.055272 120.758114
587.055283 120.758114
587.055317 120.758114
587.055351 120.758112
587.055400 120.758101
587.055743 120.758086
587.110841 120.757785
587.121891 120.757783
587.122187 120.757782
587.123322 120.757781
587.123687 120.757780
587.123704 120.757778
587.124641 120.757775
587.125045 120.757770
587.126065 120.757770
587.130227 120.757767
587.145547 120.757767
587.156345 120.757766
587.165035 120.757765
587.213460 120.757721
587.254132 120.757679
587.259629 120.757402
587.259659 120.757338
587.259687 120.757270
587.261104 120.757205
587.265276 120.756380
587.275570 120.755947
587.285105 120.755903
587.300909 120.755892
587.301008 120.755597
587.301312 120.755596
587.301321 120.755596
587.301328 120.755595
587.301389 120.755202
587.301395 120.755077
587.301399 120.753637
587.316808 120.751791
587.331032 120.751751
587.334762 120.751742
587.339124 120.751574
587.343801 120.751456
587.354559 120.751305
587.391507 120.751150
587.391637 120.751150
587.391744 120.751149
587.391904 120.751149
587.392054 120.751148
587.392895 120.751145
587.395594 120.751136
587.412026 120.751073
587.416844 120.751059
587.428496 120.751038
587.445898 120.751028
587.447096 120.751019
587.471501 120.750993
587.482017 120.750977
587.484756 120.750901
587.520773 120.750892
587.522816 120.750889
587.522970 120.750886
587.526598 120.750884
587.528956 120.750878
587.534867 120.750877
587.542128 120.750875
587.552869 120.750855
587.552879 120.750855
587.552901 120.750855
587.553082 120.750855
587.553108 120.750855
587.553109 120.750855
587.553109 120.750855
587.553109 120.750855
587.553595 120.750855
587.553638 120.750855
587.553916 120.750855
587.562536 120.750855
587.609847 120.750849
587.616153 120.747829
587.628541 120.732492
587.629265 120.729649
587.629407 120.729569
587.629629 120.729150
587.629630 120.729149
587.629631 120.729149
587.629631 120.729149
587.629809 120.729147
587.629895 120.729072
587.629950 120.728922
587.630115 120.728858
587.630126 120.728828
587.630129 120.728777
587.630338 120.728738
587.630362 120.727519
587.630518 120.722362
587.630520 120.722315
587.630523 120.722206
587.630579 120.710575
587.630625 120.709703
587.630981 120.709683
587.642075 120.709682
587.706614 120.709664
587.854877 120.709640
587.892180 120.709599
587.892338 120.709598
587.892343 120.709598
587.892387 120.709598
587.892427 120.709598
587.892435 120.709598
587.892536 120.709598
587.892547 120.709598
587.892548 120.709598
587.892564 120.709598
587.892567 120.709598
587.892572 120.709598
587.892619 120.709593
587.892649 120.709593
587.892650 120.709593
587.892650 120.709593
587.892650 120.709593
587.892651 120.709593
587.892652 120.709593
587.892652 120.709593
587.892653 120.709593
587.892655 120.709593
587.892693 120.709593
587.892703 120.709593
587.892737 120.709593
587.892745 120.709593
587.892754 120.709593
587.892754 120.709593
587.892754 120.709593
587.892754 120.709593
587.892754 120.709593
587.892754 120.709593
587.892755 120.709593
587.892755 120.709593
587.892755 120.709593
587.892756 120.709593
587.892756 120.709593
587.892756 120.709593
587.892756 120.709593
587.892775 120.709592
587.892885 120.709592
587.892901 120.709571
587.892919 120.709561
587.892926 120.709546
587.892928 120.709543
587.892929 120.709536
587.892930 120.709535
587.892931 120.709534
587.892971 120.709530
587.892971 120.709529
587.892972 120.709529
587.892973 120.709529
587.893007 120.709528
587.893033 120.709520
587.893044 120.709518
587.893051 120.709503
587.893066 120.709496
587.893070 120.709495
587.893070 120.709494
587.893079 120.709449
587.893090 120.709448
587.893134 120.709447
587.893204 120.709437
587.893209 120.709435
587.893213 120.709433
587.893317 120.709414
587.893391 120.709392
587.893574 120.709386
587.893585 120.709386
587.893600 120.709386
587.893605 120.709385
587.893617 120.709385
587.893636 120.709385
587.901267 120.709165
587.901461 120.709146
587.901671 120.709137
587.909812 120.708671
587.910463 120.706580
587.913898 120.706515
587.913973 120.706468
587.913988 120.706468
587.914649 120.706321
587.919169 120.706293
587.929093 120.706255
587.931430 120.706250
587.933599 120.706243
587.934781 120.706225
587.935188 120.706211
587.935927 120.706209
587.936921 120.705442
587.937413 120.705338
587.937457 120.705260
587.943893 120.704607
587.969976 120.704582
587.971208 120.704321
587.973192 120.704275
587.973527 120.704113
587.974258 120.703839
587.975476 120.703771
587.975758 120.703752
587.975923 120.703527
587.983592 120.702996
587.983647 120.702300
587.983675 120.702130
587.985119 120.701932
587.985167 120.701884
587.989388 120.701861
587.991241 120.701822
587.996616 120.701735
588.000090 120.701495
588.019719 120.700221
588.021715 120.699986
588.025981 120.699468
588.026414 120.699018
588.034777 120.696660
588.037640 120.696280
588.046639 120.695974
588.046784 120.695928
588.049699 120.695836
588.051319 120.693208
588.063372 120.693190
588.073940 120.693134
588.078596 120.692971
588.148810 120.692934
588.151925 120.689321
588.151988 120.689001
588.152375 120.686982
588.155381 120.686694
588.158548 120.686152
588.159156 120.686131
588.159253 120.686124
588.159364 120.686092
588.159385 120.686075
588.159936 120.685681
588.160347 120.685679
588.162610 120.682502
588.172894 120.678586
588.177154 120.677947
588.178429 120.677943
588.179580 120.677937
588.182931 120.677933
588.226885 120.675570
588.249805 120.675525
588.261914 120.675514
588.269811 120.675377
588.283258 120.675232
588.288058 120.675119
588.318435 120.673737
588.320020 120.668973
588.320884 120.667493
588.321439 120.665499
588.321841 120.665006
588.322338 120.664988
588.324793 120.659659
588.627719 120.657799
590.921523 120.652558
591.118999 120.652525
591.120211 120.652478
591.408841 120.645846
621.610385 120.642315
625.503314 120.637296
633.879553 120.397492
634.348958 120.327779
634.825642 120.202109
636.434148 120.188818
638.295906 120.127028
639.011249 119.862919
639.577111 119.839408
639.889149 119.820963
640.507886 119.778657
641.675251 119.701550
641.695501 119.700345
641.695626 119.696645
641.700909 119.692881
643.368542 119.688074
643.369296 119.688006
643.630939 119.687671
643.887527 119.687406
643.893142 119.684997
644.103212 119.684788
644.164645 119.682846
644.176864 119.677073
644.439122 119.641353
644.779394 119.634654
644.845655 119.615441
649.092322 119.611144
649.165176 119.597544
701.889717 115.832642
704.406974 115.832585
704.672966 115.832552
704.724157 115.832546
704.803880 115.832545
705.414865 115.832545
706.158927 115.832453
709.017316 115.832387
712.616224 115.832322
712.639719 115.832320
712.647704 115.832317
712.652064 115.832317
712.656095 115.832317
712.656761 115.832316
712.668479 115.832316
712.833484 115.832313
712.895053 115.832313
712.895084 115.832313
712.895213 115.832313
712.897511 115.832313
712.898390 115.832313
712.898813 115.832313
712.898985 115.832313
712.909652 115.832313
712.914436 115.832313
712.956396 115.832313
712.964852 115.832312
712.967832 115.832312
712.984420 115.832311
713.022374 115.832310
713.284085 115.832306
713.284606 115.832306
713.286439 115.832306
713.750573 115.832306
713.844164 115.832303
713.883921 115.832302
713.896912 115.832299
713.931761 115.832299
713.935153 115.832299
713.953478 115.832299
714.547981 115.832299
714.930559 115.832298
715.099323 115.832298
715.214489 115.832297
715.588193 115.832297
715.612041 115.832297
715.628053 115.832297
715.654487 115.832297
715.972462 115.832294
716.901643 115.758499
717.059252 115.725612
717.121418 115.671739
717.141606 115.640496
717.420602 115.611205
718.756756 115.600114
719.191664 115.596042
719.469578 115.595676
722.876751 115.590701
723.973430 115.588939
724.205097 115.585847
724.210806 115.583185
724.379625 115.577897
740.870654 115.544988
740.958471 115.544741
740.970788 115.540947
741.005347 115.537670
741.025958 115.532020
741.027818 115.529978
818.983636 33.592431
818.983948 33.504005
818.983993 33.386603
818.984787 32.282255
818.985969 31.939079
818.986258 31.938150
818.986718 31.793612
818.986721 31.680738
818.986744 31.673504
818.988123 31.641479
818.989598 31.630883
818.990487 29.891713
818.991813 28.008166
818.991853 28.007728
818.991875 28.007517
818.992000 28.006698
818.992563 28.005862
818.994730 28.005807
818.994867 28.001560
818.994940 28.000838
818.995396 28.000768
818.995451 27.948781
818.995458 27.942562
818.995862 27.390589
818.996311 27.287615
818.996317 27.272663
818.996349 27.252026
818.996354 27.236627
818.996685 27.225098
818.996743 27.222947
818.996753 27.221849
818.996770 27.214006
818.997082 27.212262
818.997146 27.211429
818.997806 23.237880
819.000363 21.152274
819.067995 21.127332
819.068081 21.127332
819.068553 21.127332
819.068618 21.127330
819.068644 21.127329
819.069092 21.127326
819.069113 21.127312
819.069203 21.127309
819.072578 21.126116
819.075640 21.105421
819.080805 21.096200
819.080822 21.096187
819.080825 21.096181
819.080935 21.095775
819.080952 21.095740
819.080952 21.095631
819.082074 21.095274
819.084635 21.094319
819.087981 21.094043
819.092343 21.089863
819.125467 21.087539
819.137442 21.063774
819.215098 20.989336
819.215106 20.984230
819.215113 20.983262
819.215142 20.982877
819.215244 20.982066
819.215248 20.982046
819.215259 20.982044
819.215290 20.981939
819.215297 20.981863
819.218817 20.981776
819.218996 20.980407
819.220033 20.980017
819.220445 20.979711
819.220969 20.979389
819.221069 20.974483
819.222539 20.952861
819.268721 20.951734
819.274407 20.949605
819.281298 20.949598
819.286818 20.949478
819.287502 20.949460
819.287852 20.949444
819.295746 20.948275
819.301629 20.947551
819.318134 20.946220
819.331967 20.776315
819.336285 20.358675
819.352349 20.333325
819.355352 20.322314
819.358525 20.319444
819.359378 20.274682
819.362833 20.273363
819.379719 20.261905
819.388984 20.239253
819.393997 20.170093
819.401606 20.127086
819.401613 20.126839
819.401670 20.126558
819.401878 20.123345
819.401942 20.073866
819.401999 20.047085
819.402013 20.036320
819.402164 20.005320
819.402559 19.999430
819.402826 19.998295
819.403006 19.992196
819.403039 19.987118
819.403087 19.984035
819.403088 19.983297
819.403095 19.982299
819.403117 19.981543
819.403125 19.977630
819.403155 19.969506
819.403180 19.969497
819.403259 19.969486
819.403320 19.969478
819.403335 19.969477
819.403339 19.969476
819.403369 19.969475
819.404243 19.968958
819.407232 19.967354
819.407451 19.962870
819.407520 19.962583
819.407547 19.961335
819.408265 19.906124
819.408279 19.905021
819.408279 19.904356
819.408280 19.904333
819.408280 19.904238
819.408281 19.903597
819.408281 19.899735
819.408281 19.898214
819.408281 19.898209
819.408281 19.897953
819.408281 19.897851
819.408281 19.897651
819.408281 19.897606
819.408281 19.897532
819.408281 19.895461
819.408281 19.895454
819.408281 19.895417
819.408281 19.894028
819.408282 19.893174
819.408282 19.893157
819.408282 19.893137
819.408283 19.893132
819.408284 19.893124
819.408327 19.890738
819.408329 19.890662
819.408355 19.890657
819.408493 19.886146
819.408523 19.884562
819.408535 19.884016
819.408540 19.884015
819.408542 19.883971
819.408545 19.883934
819.408597 19.883782
819.408597 19.883774
819.408597 19.883769
819.408598 19.883765
819.408599 19.883739
819.408599 19.883739
819.408599 19.883738
819.408600 19.883738
819.408601 19.883738
819.408602 19.883738
819.408606 19.883717
819.408606 19.883717
819.408606 19.883717
819.408606 19.883717
819.408607 19.883716
819.408611 19.883713
819.408653 19.883703
819.408657 19.883694
819.408659 19.883630
819.408697 19.883628
819.408743 19.880689
819.408776 19.880204
819.408799 19.879925
819.408836 19.879865
819.408867 19.879418
819.408868 19.879289
819.408874 19.879240
819.408879 19.879149
819.408903 19.879133
819.408904 19.878369
819.408909 19.878151
819.409302 19.878150
819.409335 19.876892
819.409353 19.876488
819.409364 19.876413
819.409366 19.876249
819.409366 19.876193
819.409367 19.875728
819.409367 19.875683
819.409367 19.875625
819.409368 19.875597
819.409368 19.875577
819.409368 19.875519
819.409620 19.875379
819.409827 19.875083
819.409835 19.871909
819.409836 19.871871
819.409836 19.871037
819.409843 19.870404
819.409845 19.870166
819.409854 19.869765
819.409858 19.869717
819.409860 19.869711
819.409868 19.869654
819.409876 19.869335
819.409878 19.869301
819.409883 19.868671
819.409922 19.868664
819.409956 19.868556
819.410256 19.868272
819.410264 19.867873
819.410311 19.867821
819.410313 19.867767
819.410331 19.867209
819.410389 19.867207
819.410393 19.867148
819.410394 19.867140
819.410400 19.867136
819.410409 19.867124
819.410429 19.866801
819.410429 19.866722
819.410429 19.866707
819.410466 19.866498
819.410467 19.866012
819.410610 19.865854
819.410612 19.865744
819.410614 19.865632
819.411612 19.860700
819.413519 19.851956
819.413556 19.851457
819.413639 19.850767
819.413700 19.849508
819.413928 19.844656
819.414047 19.844426
819.414449 19.844133
819.414513 19.842687
819.416038 19.839914
819.417178 19.836819
819.417242 19.833283
819.417825 19.832255
819.418387 19.831918
819.419479 19.831888
819.419550 19.831872
819.420265 19.831821
819.420324 19.831819
819.420338 19.831817
819.420410 19.831817
819.420444 19.831817
819.420632 19.831817
819.420633 19.831817
819.420633 19.831817
819.420634 19.831817
819.420634 19.831817
819.420637 19.831817
819.420647 19.831817
819.420653 19.831817
819.420793 19.831817
819.420794 19.831817
819.420803 19.831817
819.420804 19.831817
819.420818 19.831817
819.420818 19.831817
819.420820 19.831817
819.420820 19.831817
819.420821 19.831817
819.420822 19.831817
819.420822 19.831817
819.420822 19.831817
819.420822 19.831817
819.420836 19.831816
819.420839 19.831816
819.420839 19.831816
819.420840 19.831816
819.420840 19.831816
819.420840 19.831816
819.420840 19.831816
819.420854 19.831816
819.420882 19.831816
819.421041 19.831815
819.421120 19.831814
819.421306 19.831812
819.421327 19.831812
819.421352 19.831812
819.421357 19.831811
819.421357 19.831811
819.421360 19.831811
819.421361 19.831811
819.421365 19.831811
819.421386 19.831811
819.421401 19.831807
819.422252 19.730176
819.424065 19.558945
819.428384 19.521587
819.434115 19.515138
819.435069 19.514528
819.435070 19.514527
819.435071 19.514526
819.435074 19.514525
819.435088 19.514525
819.435296 19.511078
819.435516 19.507791
819.437253 19.507574
819.439692 19.505901
819.439925 19.505847
819.439992 19.500887
819.440081 19.496380
819.484858 19.440728
819.488794 19.396821
819.488795 19.395085
819.488839 19.383207
819.488999 19.319848
819.489054 19.278788
819.489175 19.278773
819.489205 19.278586
819.489470 19.278470
819.489471 19.278448
819.489471 19.278446
819.489475 19.278433
819.489475 19.278433
819.489480 19.278430
819.489483 19.278428
819.489534 19.277974
819.489534 19.277488
819.489544 19.276735
819.489545 19.276593
819.489547 19.276233
819.489555 19.275917
819.489647 19.273274
819.489990 19.272785
819.489990 19.272785
819.489990 19.272785
819.489993 19.272772
819.489993 19.272769
819.490005 19.272765
819.490006 19.272748
819.490032 19.272747
819.490051 19.272738
819.490071 19.272703
819.490106 19.272694
819.490133 19.272667
819.490138 19.272558
819.490157 19.272027
819.490167 19.260309
819.490174 19.258663
819.490179 19.258345
819.490181 19.258235
819.490182 19.258153
819.490187 19.258146
819.490204 19.183022
819.490317 19.171949
819.498043 19.109218
819.498363 19.108807
819.500051 19.106312
819.502977 19.104085
819.505660 19.100148
819.506964 19.099613
819.507601 19.099378
819.508112 19.099340
819.508202 19.099338
819.508230 19.099337
819.508285 19.099337
819.508372 19.099306
819.508460 19.099288
819.508527 19.099287
819.508561 19.099264
819.508570 19.099149
819.509286 19.098935
819.509337 19.098561
819.510380 19.090472
819.513037 19.075822
819.515940 19.067373
819.515948 19.067372
819.515955 19.067370
819.515956 19.067369
819.515956 19.067369
819.515983 19.067365
819.516008 19.067322
819.516009 19.067321
819.516010 19.067321
819.516010 19.067310
819.516015 19.067290
819.516032 19.067288
819.516033 19.067256
819.516034 19.067235
819.516049 19.067222
819.516050 19.067213
819.516051 19.067201
819.516051 19.067171
819.516051 19.067161
819.516090 19.067104
819.516091 19.067082
819.516149 19.067079
819.516175 19.067059
819.516175 19.067058
819.516175 19.067058
819.516175 19.067058
819.516175 19.067057
819.516175 19.067056
819.516175 19.067056
819.516175 19.067055
819.516175 19.067053
819.516175 19.067051
819.516176 19.067049
819.516176 19.067044
819.516177 19.067044
819.516177 19.067044
819.516177 19.067044
819.516178 19.067043
819.516178 19.067042
819.516178 19.067041
819.516178 19.067032
819.516178 19.067023
819.516180 19.067022
819.516180 19.067021
819.516235 19.062960
819.516264 19.061518
819.517216 19.061415
819.520172 19.056749
819.530418 19.052591
819.532399 19.051093
819.532505 19.051089
819.532612 19.051078
819.533449 19.051077
819.536106 19.051077
819.537429 19.051077
819.542447 19.051076
819.544480 19.051074
819.550177 19.051074
819.551171 19.051070
819.551325 19.051068
819.551528 19.051068
819.552127 19.051067
819.554497 19.051065
819.554528 19.051065
819.554621 19.051065
819.554726 19.051062
819.554899 19.050963
819.555316 19.050958
819.555331 19.050957
819.555382 19.050957
819.555917 19.050957
819.556266 19.050940
819.556298 19.050940
819.556314 19.050938
819.556314 19.050937
819.556808 19.050937
819.556821 19.050936
819.556833 19.050936
819.556894 19.050934
819.556901 19.050933
819.556999 19.050932
819.557018 19.050931
819.557018 19.050931
819.557021 19.050931
819.557026 19.050930
819.557026 19.050929
819.557026 19.050929
819.557026 19.050929
819.557027 19.050929
819.557028 19.050929
819.557035 19.050929
819.557036 19.050929
819.557037 19.050929
819.557038 19.050929
819.557039 19.050929
819.557039 19.050929
819.557061 19.050929
819.557352 19.050926
819.557391 19.050917
819.557557 19.050914
819.557565 19.050914
819.557603 19.050913
819.557671 19.050913
819.558425 19.050910
819.560731 19.050901
819.560734 19.050901
819.560750 19.050901
819.560766 19.050901
819.560770 19.050901
819.560780 19.050900
819.560801 19.050900
819.560803 19.050900
819.562039 19.050900
819.562124 19.050900
819.562129 19.050900
819.562162 19.050900
819.562406 19.050900
819.562413 19.050900
819.562444 19.050900
819.562464 19.050900
819.562473 19.050900
819.562475 19.050900
819.562484 19.050900
819.562498 19.050900
819.562514 19.050899
819.562516 19.050899
819.562561 19.050899
819.564676 19.050894
819.565093 19.050893
819.573866 19.050889
819.576042 19.050862
819.576359 19.050750
819.578232 19.050749
819.578277 19.050721
819.578284 19.050719
819.578320 19.050717
819.578364 19.050713
819.578918 19.050709
819.579031 19.050708
819.579040 19.050703
819.579066 19.050703
819.579125 19.050703
819.579510 19.050700
819.579515 19.050700
819.579521 19.050700
819.579521 19.050700
819.579521 19.050700
819.579522 19.050700
819.579526 19.050700
819.579526 19.050700
819.579539 19.050700
819.579539 19.050699
819.579540 19.050699
819.579540 19.050699
819.579543 19.050699
819.579555 19.050699
819.579557 19.050699
819.579560 19.050699
819.579560 19.050699
819.579626 19.050699
819.579867 19.050699
819.582910 19.050682
819.584738 19.050680
819.585176 19.050651
819.585278 19.050610
819.585762 19.049526
819.585769 19.049522
819.585773 19.049522
819.585778 19.049515
819.585790 19.049515
819.585868 19.049514
819.585969 19.049510
819.585973 19.049509
819.585980 19.049509
819.586012 19.049491
819.586092 19.049484
819.586111 19.049483
819.586114 19.049473
819.586124 19.049468
819.586369 19.049444
819.586917 19.049411
819.587134 19.049376
819.587279 19.049308
819.587305 19.049095
819.587305 19.049091
819.587516 19.049067
819.588039 19.049054
819.588059 19.049052
819.588141 19.049044
819.588721 19.048762
819.588748 19.048725
819.588848 19.048706
819.588905 19.048629
819.589401 19.048625
819.589509 19.048625
819.589902 19.048625
819.590315 19.048624
819.590433 19.048624
819.590470 19.048623
819.590656 19.048622
819.591584 19.048622
819.663556 19.048612
819.663816 19.048588
819.667312 19.048547
819.689473 19.043982
819.711989 19.033547
819.725661 19.033107
819.733563 19.033106
819.734387 19.033030
819.748031 19.032278
819.767241 19.025109
819.767456 19.024974
819.767536 19.024617
819.769053 19.023334
819.770566 19.000224
819.770952 19.000139
819.771956 18.999919
819.774311 18.999063
819.801876 18.999055
819.802250 18.998770
819.802553 18.998574
819.805140 18.997794
819.805517 18.997622
819.805861 18.996758
819.817579 18.995937
819.829229 18.994330
819.845012 18.994159
819.847847 18.993710
819.859131 18.993435
819.859828 18.993115
819.860208 18.993038
819.860863 18.992596
819.861074 18.992547
819.866566 18.992331
819.868384 18.992231
819.880567 18.992086
819.884209 18.991277
819.885305 18.991206
819.901448 18.990899
819.902499 18.990830
819.905749 18.990825
819.906347 18.990810
819.913192 18.990727
819.921006 18.990212
819.922600 18.990081
819.974623 18.989777
820.001779 18.981568
820.020633 18.980000
820.040825 18.979096
820.041736 18.978921
820.042195 18.978538
820.042668 18.978354
820.093486 18.977822
820.101367 18.977698
820.103948 18.936909
820.104014 18.936747
820.104256 18.936553
820.104447 18.931311
820.104544 18.930137
820.104621 18.928155
820.105118 18.927712
820.111678 18.920684
820.128034 18.910869
820.128486 18.868001
820.128513 18.865261
820.128657 18.854220
820.128845 18.846590
820.128856 18.846489
820.128858 18.846203
820.128858 18.846168
820.128858 18.846128
820.128863 18.845885
820.129074 18.845768
820.129250 18.845763
820.129295 18.845750
820.129312 18.845724
820.129324 18.845710
820.129393 18.845710
820.129404 18.845710
820.129502 18.845710
820.129535 18.834708
820.152929 18.834650
820.168401 18.834596
820.169615 18.834587
820.170822 18.834586
820.172082 18.834579
820.175977 18.834576
820.177514 18.834362
820.203994 18.834351
820.225535 18.834279
820.225655 18.834267
820.225690 18.834255
820.228028 18.834188
820.228061 18.833842
820.229824 18.833827
820.231739 18.833661
820.240994 18.833590
820.408381 18.833045
820.425398 18.832877
820.427661 18.832808
820.428228 18.832748
820.428229 18.832553
820.428245 18.832536
820.428253 18.832486
820.431985 18.832392
820.434041 18.832323
820.435005 18.832304
820.438203 18.832075
820.441568 18.832024
820.445763 18.831791
820.529582 18.831626
820.580993 18.831523
820.581330 18.831422
820.588817 18.831412
820.589791 18.830592
820.589860 18.830552
820.589878 18.830541
820.589896 18.830539
820.590185 18.830521
820.590236 18.830170
820.591430 18.829446
820.591531 18.822577
820.591560 18.819843
820.592054 18.795906
820.594638 18.795643
820.596391 18.795526
820.596958 18.795526
820.597396 18.795525
820.597425 18.795524
820.597442 18.795523
820.597489 18.795523
820.597492 18.795523
820.597536 18.795523
820.597576 18.795515
820.597596 18.795511
820.598251 18.795510
820.631016 18.795433
820.631340 18.795387
820.631493 18.795245
820.631686 18.795231
820.631942 18.795176
820.632688 18.795161
820.633300 18.795056
820.640073 18.794650
820.640105 18.794650
820.640310 18.794650
820.640400 18.794646
820.713928 18.794309
820.760534 18.793772
820.764249 18.793189
820.766238 18.793172
820.766830 18.793157
820.768633 18.793157
820.769814 18.793156
820.770731 18.793144
820.770971 18.793138
820.772023 18.793136
820.772205 18.793136
820.772237 18.793136
820.772286 18.793136
820.772329 18.793136
820.772439 18.793136
820.772445 18.793134
820.772449 18.793134
820.772453 18.793134
820.772644 18.793134
820.772700 18.793134
820.772710 18.793134
820.772711 18.793134
820.772732 18.793134
820.772741 18.793134
820.772742 18.793134
820.772742 18.793134
820.772743 18.793134
820.772743 18.793134
820.794115 18.792702
820.794325 18.792702
820.794398 18.792702
820.795071 18.792686
820.795657 18.792669
820.795791 18.792647
820.795802 18.792610
820.795988 18.792610
820.803599 18.792610
820.825838 18.792605
820.849334 18.792600
820.883670 18.792440
820.885259 18.792426
820.893762 18.792328
820.900706 18.792288
820.945284 18.792020
820.951619 18.789345
820.954990 18.785472
821.112613 18.775435
828.977604 17.248053
829.263748 17.242098
829.325786 17.241293
829.449095 17.233933
830.204376 15.635183
837.191452 14.819976
837.198927 14.773941
837.220482 14.580355
837.220565 14.578332
837.221225 14.578183
837.221256 14.578123
837.221382 14.577202
837.221534 14.520001
837.222075 14.492314
837.223412 14.474730
837.335033 14.023790
837.791893 13.941869
837.798191 13.941867
837.800554 13.941867
837.818125 13.941866
837.818231 13.941866
837.818926 13.941866
837.819802 13.941866
837.821442 13.941360
837.832101 13.940361
837.832165 13.761118
837.833172 13.320476
837.833422 13.314532
837.833632 13.292382
837.833695 13.271583
837.833753 13.211166
837.833760 13.178321
837.833803 13.106574
837.833927 13.085319
837.912188 12.998267
838.065035 12.988316
838.082717 12.959664
838.083618 12.957023
838.083670 12.953525
838.087851 12.953376
838.088225 12.953232
838.088866 12.952901
838.626418 12.698344
838.801555 12.629278
839.251461 12.590530
839.811564 12.586046
839.874623 12.455342
839.952692 12.338765
840.158138 11.923474
840.257923 11.918266
840.266702 11.916685
840.278520 11.915870
840.279787 11.914567
840.283092 11.913182
840.536354 11.902847
845.249100 11.781050
847.619642 10.990659
851.034251 10.231415
852.031456 10.078128
852.165077 10.055241
852.191474 10.052203
852.263636 10.020371
853.477902 10.018098
853.598168 10.005333
854.745726 9.975758
943.391485 9.936335
951.820093 9.724288
974.421466 7.130587
994.780900 6.516487
