2000.000000 2.000000
0.001140 999.361980
0.002918 998.730575
0.002921 998.714494
0.002924 998.683866
0.002942 998.651255
0.002946 998.649855
0.003030 998.610335
0.003050 998.376023
0.003168 998.373504
0.003190 998.362270
0.003454 998.330331
0.003568 998.311001
0.003631 998.266849
0.004782 998.226745
0.005007 998.226743
0.005016 998.226742
0.005070 998.226675
0.005207 998.226567
0.009308 995.565482
0.009764 994.350541
0.014784 989.291587
0.038388 987.652506
0.039855 986.562417
0.046317 986.369098
0.056277 986.361545
0.059742 986.286877
0.059782 986.279822
0.059784 986.279476
0.059796 986.277876
0.059955 986.275625
0.059956 986.263442
0.059965 986.258899
0.060005 986.251896
0.060090 986.251859
0.060114 986.251726
0.062674 986.249383
0.063185 986.247438
0.063267 986.245886
0.063296 986.241525
0.063297 986.241397
0.063298 986.240341
0.063828 986.227705
0.063855 986.227699
0.063855 986.221803
0.063913 986.221522
0.063967 986.221271
0.064029 986.220638
0.086936 986.030365
0.103877 985.381001
0.103887 985.366664
0.104700 985.349651
0.104703 985.349446
0.104706 985.349224
0.104721 985.349158
0.104873 985.349157
0.104922 985.349140
0.104935 985.349092
0.104955 985.349051
0.104968 985.347518
0.104993 985.347488
0.105022 985.340019
0.105520 985.339102
0.105739 985.338206
0.105895 985.337164
0.106240 985.303464
0.107547 985.268758
0.108351 985.225459
0.109156 985.217640
0.109200 985.143991
0.109204 985.127748
0.109214 985.114680
0.109303 985.114182
0.109393 985.112550
0.109401 985.098785
0.109401 985.098136
0.109401 985.092392
0.109401 985.088827
0.109401 985.078604
0.116603 985.044928
0.125946 984.872889
0.126055 984.856008
0.139192 984.745092
0.139961 984.744829
0.139979 984.744818
0.139986 984.744816
0.139986 984.744812
0.139986 984.744812
0.139986 984.744811
0.139986 984.744811
0.139986 984.744811
0.139986 984.744811
0.139986 984.744806
0.139986 984.744804
0.139986 984.744803
0.140069 984.744799
0.140081 984.744799
0.140083 984.744799
0.140124 984.744798
0.140176 984.744419
0.140179 984.744385
0.140297 984.743801
0.140344 984.743639
0.140432 984.743468
0.140442 984.743386
0.140444 984.743366
0.140461 984.743317
0.140465 984.743282
0.140491 984.742754
0.140492 984.741678
0.140499 984.740956
0.140572 984.731772
0.140658 984.730433
0.140670 984.727725
0.140679 984.724481
0.140689 984.723834
0.141214 984.651533
0.141372 984.634521
0.142010 984.633615
0.143031 984.627697
0.146067 984.575246
0.146090 984.573656
0.146172 984.572631
0.146207 984.570686
0.146214 984.540845
0.147106 984.532486
0.147142 984.531561
0.147775 984.531195
0.148335 984.531172
0.148478 984.529395
0.148554 984.528462
0.148556 984.527725
0.148592 984.527023
0.148594 984.526250
0.148607 984.525231
0.148619 984.519431
0.148619 984.519424
0.148623 984.519357
0.148623 984.519326
0.148624 984.519319
0.148624 984.519277
0.148676 984.505624
0.149797 984.426279
0.150543 980.774841
0.171090 978.136929
0.187737 974.447683
0.189318 974.442346
0.190839 974.366265
0.204923 974.042051
0.231533 973.917990
0.237383 972.640461
0.440238 970.411857
0.440315 970.387636
0.440316 970.232766
0.440318 970.199390
0.440319 969.725358
0.440321 969.236765
0.440340 969.050638
0.440354 968.230505
0.440395 968.150932
0.440399 968.143520
0.440400 968.135509
0.440402 967.443162
0.440402 967.033156
0.440403 965.468197
0.440403 964.407374
0.440405 963.707036
0.440422 961.769840
0.440422 961.767878
0.440422 961.761493
0.440422 961.761342
0.440422 961.758168
0.440422 961.543922
0.440468 961.322863
0.440468 961.292197
0.440473 961.261198
0.440522 960.988189
0.440522 960.979665
0.440624 960.814697
0.440634 960.611212
0.441074 958.525790
0.441096 958.409935
0.441097 958.389386
0.441102 958.292141
0.441139 958.143215
0.441148 958.085178
0.441150 958.047093
0.441932 958.041637
0.442691 958.021835
0.442695 958.008727
0.442919 958.005984
0.442992 957.994449
0.443806 957.992003
0.443816 957.991926
0.443824 957.991767
0.443828 957.991751
0.443833 957.991339
0.443935 957.991203
0.444121 957.990985
0.444245 957.990904
0.444298 957.990705
0.445371 957.965740
0.445374 957.954270
0.445375 957.953188
0.445376 957.952901
0.445378 957.952298
0.445379 957.949488
0.445379 957.941070
0.445379 957.941022
0.445379 957.941007
0.445379 957.940903
0.445379 957.940901
0.445379 957.940901
0.445379 957.940884
0.445379 957.940834
0.445379 957.940826
0.445379 957.940822
0.445379 957.940803
0.445380 957.940801
0.445380 957.940738
0.445380 957.940730
0.445380 957.940726
0.445380 957.940640
0.445382 957.940235
0.445387 957.940234
0.445387 957.940233
0.445387 957.940230
0.445395 957.940230
0.445396 957.937992
0.445539 955.934495
0.445539 955.934495
0.445539 955.934495
0.445539 955.934495
0.445539 955.934495
0.445539 955.934495
0.445539 955.934494
0.445539 955.934494
0.445539 955.934494
0.445539 955.934494
0.445539 955.934494
0.445539 955.934486
0.445539 955.934485
0.445539 955.915211
0.445539 955.897149
0.445539 955.891242
0.445539 955.888323
0.445540 955.867722
0.445541 955.714901
0.445542 955.514461
0.445543 955.508899
0.445545 955.459165
0.445545 955.446431
0.445545 955.443072
0.445545 955.443072
0.445545 955.443072
0.445546 955.443072
0.445546 955.442650
0.445546 955.442621
0.445546 955.442609
0.445546 955.442608
0.445547 955.442608
0.445547 955.442607
0.445547 955.442607
0.445547 955.442607
0.445547 955.442607
0.445547 955.442605
0.445547 955.442604
0.445548 955.442602
0.445548 955.442596
0.445548 955.442368
0.445548 955.442358
0.445548 955.442356
0.445548 955.442289
0.445550 955.442062
0.445581 955.438201
0.445660 955.419253
0.445732 955.414041
0.445741 955.371588
0.445761 955.360929
0.445819 955.359333
0.445820 955.357539
0.445829 955.333641
0.445837 955.242520
0.445852 955.177537
0.445852 955.177531
0.445852 955.177324
0.445852 955.177079
0.445853 955.159053
0.445853 955.157762
0.445853 955.155211
0.445854 955.149789
0.445854 955.149162
0.445854 955.148554
0.445856 955.148228
0.445860 955.134033
0.445864 955.127548
0.445864 955.126997
0.445865 955.123645
0.445865 955.122711
0.445865 955.120854
0.445865 955.119849
0.445865 955.117894
0.445865 955.117042
0.445866 955.114149
0.445866 955.113454
0.445866 955.113339
0.445867 955.110445
0.445867 955.110027
0.445867 955.099750
0.445867 955.098420
0.445867 955.083293
0.445867 955.079361
0.445867 955.076686
0.445867 955.076297
0.445867 955.042065
0.445867 955.038412
0.445868 955.036525
0.445874 954.980840
0.445932 954.957331
0.445932 954.957330
0.445933 954.957330
0.445933 954.957330
0.445933 954.957330
0.445933 954.957330
0.445933 954.957327
0.445933 954.957327
0.445934 954.957323
0.445934 954.957321
0.445934 954.957321
0.445934 954.957320
0.445934 954.957319
0.445934 954.957318
0.445934 954.957318
0.445934 954.957317
0.445934 954.957315
0.445934 954.957315
0.445935 954.957308
0.445935 954.957114
0.445938 954.956856
0.445943 954.956797
0.445946 954.956211
0.445946 954.955820
0.445947 954.955815
0.445947 954.955781
0.445947 954.955725
0.445947 954.955716
0.445947 954.955706
0.445947 954.955697
0.445947 954.955623
0.445949 954.955582
0.445949 954.955580
0.445949 954.955573
0.445951 954.955568
0.445951 954.955564
0.445951 954.955561
0.445951 954.955554
0.445952 954.955542
0.445953 954.955542
0.445993 954.954100
0.446085 954.952218
0.446091 954.950549
0.446098 954.948224
0.446102 954.943865
0.446199 954.936894
0.446212 954.931585
0.446212 954.931431
0.446213 954.930923
0.446220 954.930772
0.446222 954.926884
0.446244 954.926451
0.446245 954.925837
0.446257 954.925283
0.446257 954.923838
0.446257 954.919438
0.446257 954.918709
0.446257 954.918120
0.446257 954.917763
0.446257 954.904452
0.446257 954.893567
0.446397 954.874869
0.446400 954.810025
0.447868 954.734371
0.448044 954.713818
0.448112 954.713250
0.448156 954.673009
0.448157 954.567314
0.448157 954.535513
0.448902 954.529807
0.449312 954.521305
0.449584 954.493896
0.449616 954.321679
0.449627 953.475351
0.449750 953.424796
0.450979 953.284193
0.452278 953.089313
0.452284 953.063486
0.452321 953.036418
0.452388 952.152349
0.452402 952.098537
0.452403 952.088809
0.452410 952.073114
0.452527 951.988336
0.452575 951.960734
0.452610 951.956321
0.452804 951.951580
0.452932 951.946632
0.453001 951.833140
0.453013 951.619246
0.453402 950.682092
0.455672 949.836587
0.455678 949.834611
0.455694 949.834347
0.455700 949.827773
0.455721 949.825471
0.455733 949.713022
0.455757 949.601083
0.455759 949.523127
0.455766 949.503607
0.455769 949.483291
0.455771 949.457299
0.455792 949.457290
0.455812 949.457112
0.455815 949.457100
0.455818 949.386526
0.455836 949.385954
0.455862 949.382899
0.456752 949.290775
0.456757 949.290605
0.456766 949.290513
0.456787 949.290225
0.456789 949.290138
0.456880 949.290133
0.456900 949.290131
0.457083 949.289742
0.457090 949.289135
0.457090 949.289054
0.457090 949.289021
0.457091 949.289010
0.457100 949.288598
0.457106 949.288490
0.457120 949.288489
0.457122 949.288489
0.457137 949.288489
0.457311 949.288469
0.457318 949.288467
0.457324 949.288449
0.457324 949.287960
0.457325 949.287891
0.457344 949.287619
0.457413 949.287617
0.457517 949.287551
0.457529 949.287549
0.457559 949.287533
0.457560 949.287531
0.457590 949.287322
0.458026 949.272696
0.458295 949.259873
0.458482 949.218441
0.459213 949.205258
0.460060 949.061922
0.460648 949.056963
0.461533 949.017921
0.461537 949.017905
0.461540 949.017801
0.461545 949.017545
0.461547 949.016659
0.461548 949.016478
0.461550 949.016265
0.461551 949.016161
0.461573 949.015375
0.461618 949.012917
0.461753 949.004336
0.461854 948.996930
0.461873 948.973888
0.461873 948.952141
0.462380 948.842371
0.464194 948.703004
0.467609 946.106439
0.467897 946.095354
0.467897 946.079546
0.468118 945.970761
0.468134 945.910470
0.468156 945.863981
0.468231 945.808462
0.468399 945.552364
0.468583 945.485938
0.468595 945.418589
0.468599 945.353998
0.468789 945.256611
0.469482 944.705574
0.469858 944.694079
0.469866 944.257999
0.469877 944.180364
0.469885 944.160455
0.469906 944.159351
0.469906 944.156503
0.469912 944.156026
0.469928 944.149696
0.469934 944.063891
0.469937 943.961182
0.469956 943.893832
0.469998 943.861734
0.469999 943.861436
0.470009 943.861380
0.470010 943.803171
0.470113 943.798553
0.470207 943.792777
0.470307 943.787963
0.470352 943.709255
0.470704 942.926163
0.470731 942.889506
0.470737 942.856887
0.470759 942.836902
0.470769 941.893031
0.471020 941.182041
0.471051 941.150660
0.471152 941.115337
0.471177 941.057768
0.471187 940.674148
0.471803 940.606639
0.472744 940.591843
0.472802 940.585550
0.472882 939.865101
0.472882 939.855473
0.472882 939.850285
0.472882 939.840734
0.472883 939.090724
0.472899 939.038131
0.472989 938.924986
0.473061 937.772342
0.473061 937.557948
0.473062 937.408043
0.473062 937.407765
0.473062 937.406906
0.473064 937.406708
0.473065 937.406528
0.473065 937.406478
0.473065 937.405473
0.473065 937.404387
0.473065 937.396758
0.473065 937.396739
0.473065 937.396729
0.473065 937.396719
0.473065 937.396658
0.473065 937.396642
0.473065 937.396637
0.473065 937.396580
0.473065 937.396573
0.473065 937.396565
0.473065 937.396551
0.473065 937.396400
0.473065 937.223835
0.473065 937.161708
0.473066 937.157825
0.473066 937.154297
0.473069 937.026385
0.473071 936.849393
0.473072 936.307042
0.473078 933.696560
0.473079 933.684828
0.473079 933.651152
0.473082 933.636815
0.473083 933.574075
0.473083 933.569948
0.473083 933.569669
0.473083 933.569647
0.473083 933.569581
0.473083 933.569467
0.473083 933.568355
0.473086 933.550836
0.473086 933.550816
0.473087 933.550794
0.473087 933.550784
0.473088 933.550727
0.473088 933.469512
0.473089 933.469497
0.473089 933.469494
0.473090 933.469241
0.473090 933.469133
0.473090 933.469073
0.473090 933.468931
0.473091 933.468902
0.473091 933.468818
0.473092 933.468709
0.473094 933.468684
0.473094 933.447657
0.473095 933.444415
0.473095 933.444112
0.473095 933.443817
0.473095 933.443372
0.473095 933.442983
0.473095 933.429156
0.473096 933.319974
0.473096 933.317467
0.473098 933.302436
0.473101 933.188416
0.473101 933.139836
0.473101 933.092576
0.473101 933.092189
0.473103 933.085173
0.473103 933.084854
0.473103 933.084833
0.473103 933.084785
0.473103 933.084727
0.473103 933.084720
0.473103 933.084717
0.473103 933.084707
0.473103 933.084547
0.473103 933.082268
0.473103 933.081212
0.473103 933.078953
0.473103 933.078489
0.473103 933.076562
0.473104 933.074952
0.473106 933.060616
0.473106 933.039847
0.473106 933.037712
0.473107 933.031750
0.473108 933.031664
0.473110 932.990408
0.473110 932.989110
0.473110 932.988969
0.473110 932.988962
0.473110 932.988962
0.473110 932.988962
0.473110 932.988961
0.473110 932.988960
0.473110 932.988960
0.473110 932.988959
0.473110 932.988948
0.473110 932.988918
0.473110 932.988908
0.473110 932.988904
0.473110 932.988896
0.473110 932.987874
0.473110 932.987841
0.473110 932.987500
0.473110 932.987323
0.473110 932.987198
0.473110 932.987113
0.473110 932.987101
0.473110 932.987099
0.473110 932.987088
0.473110 932.986993
0.473110 932.986609
0.473110 932.985107
0.473110 932.984894
0.473110 932.984389
0.473110 932.982459
0.473110 932.981606
0.473110 932.978873
0.473116 932.939791
0.473126 932.839271
0.473126 932.838371
0.473126 932.797068
0.473126 932.796550
0.473126 932.793541
0.473126 932.787626
0.473126 932.785900
0.473126 932.785779
0.473126 932.785778
0.473126 932.785756
0.473126 932.785225
0.473126 932.784852
0.473126 932.783767
0.473126 932.783633
0.473126 932.783193
0.473126 932.782959
0.473126 932.781627
0.473126 932.781593
0.473126 932.780487
0.473126 932.780331
0.473126 932.779171
0.473126 932.778960
0.473126 932.778547
0.473126 932.774637
0.473126 932.773610
0.473126 932.725520
0.473126 932.725457
0.473126 932.725255
0.473126 932.725225
0.473126 932.725130
0.473126 932.725126
0.473126 932.725057
0.473126 932.724603
0.473126 932.724593
0.473126 932.724457
0.473126 932.724418
0.473126 932.688706
0.473126 932.688623
0.473126 932.688573
0.473126 932.688568
0.473126 932.688560
0.473126 932.688557
0.473126 932.688554
0.473126 932.688554
0.473126 932.688553
0.473126 932.688544
0.473126 932.688542
0.473126 932.688537
0.473126 932.688537
0.473126 932.688537
0.473126 932.688536
0.473126 932.688536
0.473126 932.688535
0.473126 932.688497
0.473126 932.687970
0.473126 932.687731
0.473126 932.671386
0.473126 932.669917
0.473127 932.647395
0.473127 932.641005
0.473127 932.638520
0.473128 932.629212
0.473128 932.627925
0.473128 932.627078
0.473128 932.626934
0.473128 932.624395
0.473128 932.613889
0.473128 932.607823
0.473128 932.600141
0.473128 932.597484
0.473128 932.597392
0.473128 932.597219
0.473128 932.596751
0.473128 932.590583
0.473128 932.590135
0.473128 932.589925
0.473128 932.589290
0.473128 932.588374
0.473128 932.584788
0.473128 932.581167
0.473128 932.581120
0.473128 932.581091
0.473128 932.581083
0.473128 932.581031
0.473128 932.580788
0.473128 932.580782
0.473128 932.580776
0.473128 932.580718
0.473128 932.580643
0.473128 932.529112
0.473128 932.517097
0.473128 932.516727
0.473128 932.516603
0.473128 932.516476
0.473128 932.515856
0.473128 932.515690
0.473128 932.495973
0.473128 932.486283
0.473129 932.484640
0.473129 932.482211
0.473129 932.477084
0.473129 932.476200
0.473129 932.474613
0.473129 932.469778
0.473149 932.324148
0.473150 932.305551
0.473152 932.193244
0.473153 932.189164
0.473153 932.182437
0.473172 932.174773
0.473188 932.164067
0.473191 932.160280
0.473199 932.153349
0.473199 932.139439
0.473200 932.136973
0.473200 932.132996
0.473201 932.132819
0.473201 932.131483
0.473201 932.128640
0.473201 932.121592
0.473201 932.092974
0.473201 932.001138
0.473201 931.999070
0.473204 931.986174
0.473211 931.920518
0.473215 931.737549
0.473215 931.487906
0.473216 931.278262
0.473216 931.161312
0.473217 929.324624
0.473223 929.309277
0.473224 929.292041
0.473225 929.243709
0.473229 929.065360
0.473231 929.034940
0.473231 929.034490
0.473231 929.032514
0.473234 929.010153
0.473235 928.932441
0.473235 928.522690
0.473235 928.119624
0.473235 926.810216
0.473243 925.897389
0.473243 925.850612
0.473244 925.800564
0.473244 925.730827
0.473259 925.724906
0.473260 925.724249
0.473266 925.718886
0.473284 925.713336
0.473293 925.713094
0.473374 925.713073
0.473383 925.705510
0.473383 925.705359
0.473389 925.705207
0.473390 925.705175
0.473390 925.705165
0.473392 925.705131
0.473392 925.704959
0.473393 925.704956
0.473393 925.704948
0.473397 925.704938
0.473398 925.704932
0.473400 925.704932
0.473401 925.704932
0.473401 925.704932
0.473401 925.704919
0.473401 925.704908
0.473401 925.704905
0.473401 925.704905
0.473401 925.704894
0.473401 925.704892
0.473402 925.704870
0.473402 925.704824
0.473402 925.704816
0.473402 925.704793
0.473402 925.704793
0.473402 925.704793
0.473402 925.704790
0.473402 925.704647
0.473402 925.704634
0.473402 925.704631
0.473402 925.704437
0.473402 925.704364
0.473402 925.704339
0.473402 925.704281
0.473402 925.703342
0.473402 925.703341
0.473402 925.703324
0.473402 925.703322
0.473402 925.703173
0.473402 925.703032
0.473402 925.702991
0.473402 925.702845
0.473402 925.702404
0.473402 925.702280
0.473402 925.702277
0.473402 925.702262
0.473402 925.702257
0.473402 925.702255
0.473402 925.702254
0.473402 925.702253
0.473402 925.702247
0.473402 925.702247
0.473402 925.702244
0.473403 925.701574
0.473403 925.701549
0.473403 925.701537
0.473405 925.701517
0.473407 925.701427
0.473407 925.701398
0.473414 925.701388
0.473417 925.701386
0.473430 925.701312
0.473479 925.701239
0.473480 925.701226
0.473480 925.701226
0.473491 925.701128
0.473492 925.701124
0.473493 925.701115
0.473503 925.700964
0.473549 925.700403
0.473566 925.700089
0.473568 925.700045
0.473569 925.699913
0.473571 925.699912
0.473664 925.699912
0.473677 925.699912
0.473681 925.699811
0.473701 925.699805
0.473723 925.699800
0.473727 925.699778
0.473732 925.699626
0.473733 925.699465
0.473733 925.699464
0.473733 925.699464
0.473733 925.699464
0.473733 925.699464
0.473733 925.699463
0.473733 925.699463
0.473733 925.699449
0.473733 925.699431
0.473733 925.699417
0.473733 925.699416
0.473733 925.699415
0.473733 925.699415
0.473733 925.699382
0.473733 925.699382
0.473734 925.699376
0.473738 925.699345
0.473742 925.699155
0.473756 925.698992
0.473762 925.698992
0.473807 925.698992
0.473811 925.698992
0.473834 925.698992
0.473862 925.698992
0.474028 925.698992
0.474029 925.698992
0.474040 925.698992
0.474042 925.698992
0.474050 925.698992
0.474061 925.698992
0.474079 925.698992
0.474090 925.674946
0.474115 925.577215
0.474124 925.539457
0.474131 925.467581
0.474132 925.451867
0.474184 925.419477
0.474210 925.418563
0.474222 925.414485
0.474266 925.390047
0.474271 925.386399
0.474291 925.386373
0.474295 925.386344
0.474319 925.384974
0.474335 925.377022
0.474368 925.375299
0.474383 925.317476
0.474387 925.313245
0.474577 925.211884
0.474579 925.207156
0.474579 925.199528
0.474581 925.198366
0.474582 925.197289
0.474591 925.191396
0.474629 925.170631
0.474631 925.168472
0.474643 925.166779
0.474671 925.164684
0.475833 925.163017
0.476465 925.162162
0.476815 925.013767
0.477299 924.980038
0.478275 924.974681
0.478802 924.728616
0.480128 924.585644
0.480982 924.328160
0.481194 924.326271
0.481343 924.324899
0.481693 924.324717
0.481800 924.324582
0.481803 924.324363
0.481804 924.323308
0.481808 924.321727
0.481814 924.321495
0.481829 924.321000
0.481834 924.319300
0.481882 924.317397
0.482057 924.317184
0.482122 924.317109
0.482231 924.316602
0.483756 924.316408
0.483776 924.315956
0.484920 924.314164
0.485106 924.313837
0.488002 924.313264
0.489079 924.312815
0.489418 924.312585
0.489800 924.312267
0.491870 924.293134
0.491976 924.288438
0.491987 924.287433
0.492020 924.285417
0.492020 924.285417
0.492021 924.285417
0.492022 924.285389
0.492031 924.285367
0.492040 924.285237
0.492162 924.284976
0.493213 924.284766
0.493274 924.283154
0.493284 924.281310
0.493398 924.280836
0.493416 924.279865
0.505899 924.278571
0.506654 924.277247
0.506776 924.277192
0.506800 924.276963
0.506806 924.276915
0.506810 924.276849
0.506811 924.276824
0.506828 924.276815
0.506837 924.274982
0.506849 924.274890
0.506849 924.274834
0.506849 924.274237
0.506850 924.273924
0.507325 924.273900
0.507352 924.273898
0.507378 924.273898
0.507386 924.273898
0.507409 924.273897
0.507494 924.273894
0.508453 924.265414
0.508608 924.247108
0.508609 924.227476
0.508611 924.221351
0.508628 924.221081
0.509079 924.132361
0.520546 923.775144
0.521421 923.699422
0.522025 923.521714
0.522105 923.518501
0.522247 923.516447
0.522383 923.515820
0.522618 923.514918
0.523572 923.513828
0.525474 923.511268
0.525496 923.510981
0.528158 923.510788
0.535314 923.505634
0.535354 923.505554
0.535452 923.505530
0.536403 923.505101
0.536406 923.505085
0.536407 923.504800
0.536416 923.462426
0.536423 923.423407
0.536519 923.375846
0.536691 923.366684
0.536691 923.364746
0.536691 923.364707
0.536691 923.364519
0.536692 923.364144
0.536698 923.364014
0.536707 923.364003
0.536715 923.362271
0.536719 923.358162
0.536720 923.357673
0.536720 923.357600
0.536720 923.357477
0.536720 923.354916
0.536720 923.354749
0.536720 923.354644
0.536770 923.352783
0.536793 923.345231
0.536829 923.343942
0.536829 923.343928
0.536830 923.343809
0.536832 923.342590
0.537052 923.305139
0.537056 923.305089
0.537077 923.304937
0.537236 923.304762
0.537265 923.304756
0.537265 923.304291
0.537267 923.304280
0.537271 923.303988
0.537271 923.303707
0.537271 923.303695
0.537272 923.301793
0.537272 923.297760
0.537272 923.297453
0.537272 923.297234
0.537273 923.295768
0.537273 923.294112
0.537274 923.278178
0.537279 923.277896
0.537282 923.272452
0.537283 923.272447
0.537283 923.272443
0.537283 923.272443
0.537285 923.272443
0.537286 923.272443
0.537286 923.272440
0.537288 923.272439
0.537289 923.272160
0.537289 923.272031
0.537289 923.271874
0.537289 923.271870
0.537289 923.271862
0.537289 923.271852
0.537289 923.271817
0.537290 923.271816
0.537290 923.271816
0.537290 923.271816
0.537290 923.271816
0.537290 923.271816
0.537290 923.271816
0.537290 923.271785
0.537290 923.271768
0.537290 923.271677
0.537290 923.271661
0.537290 923.271630
0.537290 923.271447
0.537291 923.271354
0.537292 923.270148
0.537318 923.259450
0.537318 923.259429
0.537318 923.259398
0.537319 923.259385
0.537319 923.258625
0.537319 923.258612
0.537319 923.258592
0.537319 923.257913
0.537319 923.257367
0.537320 923.255691
0.537321 923.254971
0.537323 923.252176
0.537324 923.251996
0.537325 923.251251
0.537325 923.250649
0.537326 923.250264
0.537326 923.250079
0.537326 923.249477
0.537326 923.249457
0.537326 923.249405
0.537326 923.249396
0.537326 923.249390
0.537326 923.249321
0.537342 923.245389
0.537346 923.245102
0.537349 923.245064
0.537365 923.244959
0.537387 923.244957
0.537407 923.244956
0.537455 923.244935
0.537517 923.244886
0.537528 923.239362
0.537529 923.238761
0.537529 923.238541
0.537529 923.234203
0.537529 923.225875
0.537529 923.225871
0.537529 923.225492
0.537529 923.220393
0.537529 923.213948
0.537536 923.204911
0.537536 923.204819
0.537536 923.204806
0.537537 923.204719
0.537537 923.204596
0.537538 923.204542
0.537548 923.203746
0.537548 923.202340
0.537554 923.155928
0.537569 922.950467
0.537586 922.930333
0.537602 922.886733
0.537612 922.854871
0.537642 922.843372
0.537825 922.423801
0.537918 922.409132
0.539117 922.403780
0.539120 922.388247
0.539190 922.370365
0.539194 922.341732
0.539194 922.314454
0.539195 922.314393
0.539243 922.313159
0.539250 922.310576
0.539251 922.211429
0.539252 922.211173
0.539253 922.210808
0.539256 922.192641
0.539257 922.182509
0.539257 922.181843
0.539258 922.181815
0.539262 921.656884
0.539367 920.444030
0.539374 920.428423
0.539424 920.416320
0.539435 920.045476
0.539435 919.995939
0.539442 919.952117
0.539445 919.829676
0.539453 919.829504
0.539470 919.803866
68.680963 917.494053
74.461687 907.864283
87.800176 901.422433
87.967803 901.196806
178.702912 901.071288
198.133688 901.032332
284.992380 900.839929
310.309332 900.832481
314.126334 900.745140
316.530654 900.706152
324.609807 900.689042
324.757834 900.680647
324.761467 900.678668
363.982406 900.569714
364.695606 900.561451
365.155792 900.559244
365.217852 900.555021
365.306012 900.530791
400.120197 900.347168
409.427118 900.128561
486.826955 896.739534
487.001964 896.572385
487.068685 896.500342
487.085608 896.236924
487.178263 895.652417
487.230648 895.644499
487.304459 895.642450
488.845788 895.635630
489.873642 895.366330
490.949730 895.352483
490.974323 895.342956
491.140553 895.339841
491.420922 895.337857
491.498447 895.320365
491.754031 895.286664
499.416892 895.000924
499.417057 877.647249
499.417351 851.923602
499.417791 851.666252
499.418448 851.420762
499.418734 851.177585
499.419208 851.103500
499.419209 850.952792
499.420220 850.873888
499.420384 850.846388
499.420424 850.838004
500.135264 850.740818
500.507843 850.543429
503.005819 850.536997
503.239829 850.419104
503.246738 850.316037
503.303800 850.080720
503.303801 850.051246
503.303802 850.048958
503.303804 850.044871
503.303808 849.967267
503.303818 849.958398
503.303820 849.954506
503.308283 849.953581
503.308485 849.953314
503.308553 849.952684
503.309041 849.926580
503.309198 849.924156
503.309361 849.924154
503.309932 849.924147
503.311339 849.922710
503.311685 849.902824
503.311849 849.902694
503.312005 849.902653
503.312075 849.900936
503.313209 849.897558
503.314846 849.893745
503.319879 849.892528
503.325457 849.880614
503.325491 849.877681
503.326038 849.877602
503.326068 849.876484
503.330710 849.876386
503.331856 849.875612
503.344439 849.875611
503.350210 849.875600
503.357675 849.875474
503.358317 849.875459
503.363470 849.875308
503.365875 849.871629
503.397046 849.870147
503.518250 849.760286
503.518439 849.739614
503.520496 849.738984
503.535461 849.686034
503.539091 849.671151
503.815004 849.116373
504.023802 847.813030
504.035684 847.793280
504.044312 847.503240
504.094726 847.279948
504.099738 847.231802
504.099738 847.228491
504.099738 847.220518
504.099739 847.220209
504.099752 847.218247
504.099762 847.206152
504.100093 847.106562
504.100099 847.069317
504.100101 847.057407
504.100102 847.054822
504.100296 847.018541
504.100315 847.015752
504.100318 847.015038
504.102030 847.002543
504.102063 846.996224
504.102128 846.992914
504.102135 846.992827
504.102145 846.992453
504.102148 846.982951
504.102307 846.981488
504.102443 846.944533
504.112968 846.913704
504.113323 846.910872
504.113630 846.907927
504.113925 846.906379
504.114307 846.905744
504.114350 846.905744
504.114358 846.905744
504.114454 846.905744
504.114530 846.905744
504.114555 846.905742
504.114558 846.905737
504.114724 846.905718
504.116402 846.905610
504.117792 846.905442
504.118506 846.902180
504.170156 846.779962
504.192154 846.779832
504.302721 846.768061
504.303062 846.768034
504.303971 846.768015
504.304117 846.768009
504.304119 846.767953
504.304120 846.767942
504.331598 846.767437
504.358774 845.275550
504.358992 845.275543
504.359010 845.275486
504.359027 845.275451
504.359028 845.275381
504.359066 845.275350
504.359106 845.275340
504.359108 845.275339
504.359448 845.275288
504.360035 845.275215
504.361318 845.275063
504.361408 845.275043
504.361927 845.275025
504.362439 845.275024
504.363276 845.274704
504.363628 845.274313
504.364833 845.274300
504.365223 845.274241
504.366963 845.274213
504.369975 845.273982
504.370266 845.273955
504.372016 845.273947
504.373817 845.273737
504.374112 845.273531
504.374593 845.273350
504.376973 845.273328
504.377093 845.273292
504.378719 845.273094
504.378823 845.272893
504.381528 845.272831
504.390240 845.268712
504.396579 845.268103
504.400054 845.267865
504.422545 845.267723
504.429870 845.263111
504.438543 845.262139
504.443605 845.260953
504.447808 845.251070
504.451153 845.249664
504.451732 845.247919
504.458346 845.246899
504.466783 845.245230
504.466852 845.218878
504.492200 845.070408
504.551142 845.048496
504.608202 845.048275
504.628713 845.048122
504.630802 845.032538
504.674134 844.705692
504.733736 844.459663
504.735142 844.458452
504.738129 844.449122
504.739299 844.430246
504.740866 844.422950
504.740915 844.417715
504.749296 844.416424
504.773736 844.388897
504.774220 844.379328
504.776947 844.378591
504.777376 844.339303
504.788908 844.157467
504.800761 844.043653
504.838038 844.005744
504.922397 843.850750
504.935359 843.837212
505.455024 843.836140
505.465860 843.836119
505.469502 843.836109
505.469741 843.835896
505.469824 843.835740
505.471674 843.835610
505.476718 843.835475
505.501841 843.835387
505.503144 843.813463
505.510891 843.809605
505.512280 843.768212
505.901569 843.765967
505.941867 843.765924
505.993067 843.765915
506.332821 843.630552
506.588268 843.624175
506.740275 843.577248
506.757706 843.551148
506.775641 843.490663
506.809942 843.469502
507.110263 843.399378
507.446256 843.359631
507.593464 843.351482
507.688428 843.225380
507.689159 843.181451
507.718525 843.120076
507.719060 843.112903
507.736386 843.112411
507.737276 843.112001
507.738290 843.111497
507.738295 843.111006
507.738630 843.110909
507.775894 843.104517
507.803987 843.096742
507.816622 843.093641
507.878793 843.089601
508.009411 843.079371
508.411895 843.061665
508.482838 842.990756
508.483247 842.708772
508.513882 842.500500
508.585893 842.480354
508.609788 842.472251
508.631129 842.471884
508.636301 842.418982
508.643006 842.299204
508.643852 842.260456
508.699648 842.208130
508.703903 842.056392
508.707750 841.599129
508.728003 841.577902
508.787498 841.560307
508.791055 841.499510
508.888493 841.295373
508.891979 841.065469
509.354825 841.057897
509.373548 841.052583
509.373779 841.051757
509.374369 841.051417
509.377799 841.051255
509.420537 840.802557
509.487022 840.487000
509.488933 840.453600
509.490607 840.423024
509.500552 840.381764
509.507392 840.287442
509.507610 840.164888
509.507951 840.032561
509.685743 839.874333
510.219422 836.244436
510.462387 834.553583
510.481187 834.463314
510.504452 834.454944
510.508883 834.453710
510.518190 834.418629
510.530194 834.412286
510.547774 833.660500
510.609571 832.775002
510.611752 832.125388
510.612730 831.835814
510.616390 831.794431
510.616977 831.760047
510.690395 830.800005
510.720953 830.526614
510.790844 830.511495
511.673410 829.550177
512.405396 828.375098
512.418845 828.343877
512.450633 828.321799
512.451155 828.305703
512.451719 828.135889
512.452888 828.133301
512.452923 828.130317
512.452951 828.128698
512.452991 828.128135
512.456233 828.124974
512.486458 828.035911
512.506593 828.025210
512.509019 828.021602
512.510195 828.018294
512.519185 828.007783
512.646170 827.941272
512.783413 827.401307
512.856098 826.646339
512.857837 826.634813
512.859441 826.632546
512.859442 826.632462
512.859442 826.632036
512.859444 826.631646
512.859445 826.631222
512.859445 826.631174
512.859446 826.630992
512.859449 826.630831
512.870690 826.556481
512.914665 826.526197
512.919513 826.452141
512.941773 826.445092
512.963756 826.439206
512.969004 826.379319
512.972326 826.374343
513.002597 826.367107
513.004671 826.364957
513.122547 826.309557
515.556612 824.936380
516.590428 824.844495
516.628821 824.842793
516.846038 824.823649
517.194419 824.815174
517.734488 824.650852
518.280141 824.381326
518.296730 824.367341
518.673227 824.311822
521.857428 824.217020
523.560122 824.178269
524.136315 823.987275
524.185980 823.919482
524.503902 823.891352
524.611611 823.890783
524.661789 823.842507
524.661816 823.832799
524.661838 823.832672
524.661846 823.823051
524.661969 823.821649
525.439079 823.817710
525.514762 823.815388
525.560578 823.815094
526.089909 823.812233
526.757276 823.771529
527.620667 823.702639
527.837869 823.089510
527.844293 823.084243
527.860178 823.083808
528.045683 823.026798
528.094353 822.839575
528.364670 822.835104
528.886794 822.751985
529.734503 822.393936
529.904689 822.392784
530.209000 822.388797
530.400737 822.385007
530.464234 822.295547
530.467483 821.098013
530.475338 820.667635
530.475543 820.520872
530.475545 820.387607
530.475594 820.322756
530.475781 819.094883
530.475788 819.092579
530.475802 819.087137
530.475810 819.077278
530.475846 819.071684
530.475886 819.049523
530.475927 819.037052
530.475963 819.036012
530.475969 819.032958
530.477151 818.812998
530.483274 818.788956
530.486592 818.726963
530.488949 818.714010
530.493156 818.550961
530.498047 818.416148
530.504884 817.995866
530.515485 817.846287
530.522396 817.420596
530.523951 817.419114
530.595133 816.485206
530.617522 816.174310
530.622333 816.136329
530.622523 816.088985
530.624776 816.050620
530.625068 815.935412
530.634206 815.232442
530.639460 814.883921
530.639708 814.872702
530.675828 814.711563
530.679297 814.693207
530.703261 814.675006
530.720086 814.624758
530.729327 814.459558
530.733966 814.158707
530.744411 813.091699
530.746236 812.412588
530.747059 810.931873
530.750471 810.168762
530.751592 810.103929
530.752925 808.941555
530.755343 807.034642
531.909597 805.092193
531.932796 799.639286
534.062003 778.647036
544.258461 778.481712
600.080980 778.066768
609.049790 777.933839
610.064816 777.096284
612.072748 774.704449
612.306466 773.198418
612.376329 769.524973
612.600834 768.275350
614.451513 768.209108
614.517106 768.117318
616.888417 767.905216
621.497224 663.065854
622.690567 567.982455
624.725627 567.971975
624.835886 567.970035
624.867133 567.967775
624.868110 567.967559
624.868865 567.967486
624.884377 567.966741
624.903683 567.966690
624.924696 567.966689
624.976402 567.965195
624.997071 567.963772
624.998579 567.962948
625.018673 567.960290
625.614856 567.865254
627.557984 567.800628
627.606963 567.779021
628.930453 567.776814
634.437510 563.207117
634.983329 562.948661
637.821757 562.761266
641.594166 562.687666
641.631442 562.523201
641.735049 561.537209
642.522785 561.535524
642.556858 561.448815
642.559363 561.413479
642.575447 561.407805
642.588150 561.396122
643.362179 561.366652
643.522117 561.351255
644.958477 561.123536
645.991451 561.104679
646.152657 561.104448
646.155803 561.103654
646.167687 561.103185
646.332944 561.100668
646.337401 561.100654
646.339592 561.100464
646.351651 561.099445
646.354427 561.099432
646.451573 561.059739
646.724894 561.042033
647.667265 560.872301
648.016891 560.854231
648.568782 560.687179
648.684638 560.599153
648.815334 560.517922
648.913180 560.503830
649.688097 560.473995
650.589571 560.277353
652.119405 559.956927
652.546067 559.722492
652.765686 559.467762
654.518539 559.401940
656.906425 559.385606
656.922700 559.385035
656.928515 559.385034
656.961213 559.385034
657.069161 559.384065
657.581693 559.341178
657.602812 559.337799
658.623779 559.323536
658.667808 559.319068
658.799781 559.271314
659.339595 559.242973
668.576060 558.900429
669.797527 558.264321
672.492072 557.516471
672.569121 557.128415
674.480105 557.123860
674.883664 557.115211
674.883705 557.083332
674.883705 557.076064
674.883717 557.069063
674.885477 557.053501
674.885515 557.052941
674.885614 557.052884
674.885655 557.052814
674.885680 557.052576
674.885720 557.052345
674.885977 557.051345
674.886437 557.051225
674.886565 557.036808
674.887281 557.036595
674.889116 557.010773
674.895784 556.965589
674.903038 556.962780
674.905216 556.959417
674.919315 556.832122
674.967504 556.706128
674.980007 556.705118
675.011789 556.704638
675.067603 556.684337
675.126153 556.599647
675.129906 556.585733
675.150915 556.575302
675.174743 556.571277
696.176428 548.817385
696.356972 542.878822
696.405269 508.674210
696.558800 478.699578
696.579762 478.520641
697.057632 476.713026
697.597113 475.672703
697.756472 473.047630
697.769546 472.171030
697.784558 470.899663
697.799566 466.624442
697.802856 465.539062
697.803174 464.849666
697.804636 464.395012
697.816569 464.380502
697.818786 464.080191
697.830210 463.738606
699.846472 457.197712
699.946840 455.809601
700.147718 449.615526
700.355467 444.987176
700.490699 444.957580
700.596014 444.728007
700.612792 444.723159
700.613747 444.649268
700.621411 444.541512
700.668242 433.395860
700.668405 433.143566
700.670278 432.862485
700.679566 419.589538
700.889249 419.517700
700.917585 419.094603
701.452067 418.456032
703.050820 417.988351
703.520420 417.058359
703.893342 415.630651
705.063562 414.230711
705.136956 411.496090
708.066821 315.336759
708.141985 305.366838
708.264823 304.075441
708.899006 297.652520
708.967250 295.985179
709.383950 295.455417
709.438883 295.258490
710.930029 295.177891
712.266002 295.093596
717.461957 294.897448
718.601561 294.698083
721.011438 294.049429
721.407957 293.975952
721.517619 293.923039
721.546333 293.822900
721.920491 293.800870
721.965780 293.680517
723.516543 293.602903
723.821882 293.021332
723.965734 293.010722
723.968302 292.923064
726.199785 292.629882
726.238988 292.540782
726.276142 292.526570
726.288702 292.383737
726.519567 290.182357
726.682427 290.002187
726.704405 290.001688
726.892506 289.977099
728.676711 289.935177
729.409141 289.930476
729.923464 289.929885
735.895717 289.808588
739.298069 289.610255
739.655121 289.607668
739.944921 289.606553
740.005406 289.595693
768.814946 232.704655
771.660263 221.899966
771.795986 220.223044
772.136306 212.275418
772.137383 211.936533
772.144576 211.918677
772.145740 211.911718
772.148994 211.591733
772.190611 210.192377
772.192190 210.118488
772.211720 209.351869
772.250040 206.654379
772.251489 197.270792
772.253901 196.767205
772.255364 195.756077
772.255615 194.665753
772.256282 194.480347
772.256444 194.331307
772.256464 194.297799
772.256568 194.294704
772.256625 194.201008
772.256638 194.197788
772.256646 194.197168
772.256669 194.196233
772.256748 194.177666
772.256761 194.176638
772.256761 194.115616
772.256761 194.088601
772.326217 193.122238
772.366391 192.783195
772.386421 192.738199
772.615501 192.643019
773.003900 192.293007
773.313282 192.162685
773.369894 189.309769
784.665987 188.967735
786.133686 188.967111
786.188446 188.962049
792.592374 188.951734
793.673573 179.066571
793.705719 179.062209
793.779522 179.031864
793.787596 178.782698
793.790045 178.733821
793.801509 178.657932
793.894707 177.852950
793.962999 176.980257
793.984607 176.654912
794.025685 176.602970
794.029750 176.589490
794.034448 176.565700
794.045332 176.486344
800.176206 135.029749
800.195104 113.929301
800.255340 113.660232
800.342312 113.074288
800.668610 112.691856
838.978921 90.278996
854.352762 70.068483
858.692945 39.581626
865.728676 39.546147
885.401487 39.305111
904.321376 34.919832
909.429923 34.592650
909.757440 34.584853
909.776109 34.556915
909.852426 34.328249
909.852788 34.156834
909.853387 34.150091
909.854170 34.114289
909.900504 34.047392
909.910754 34.047141
909.923799 34.045375
909.925398 33.892071
909.933091 33.798295
909.934242 33.620018
910.138675 33.395102
910.151114 24.344911
910.155843 17.210340
910.205255 9.771538
910.232926 6.982046
910.903373 6.680441
911.265568 5.813514
911.342088 5.806788
911.342147 5.806049
911.343744 5.802358
911.373506 5.783756
911.374041 5.783520
911.374055 5.783151
911.378599 5.782781
911.484031 5.757864
911.511448 5.757845
911.519748 5.757665
911.519780 5.757663
911.519906 5.757663
911.520408 5.757637
911.520659 5.757378
911.527882 5.749951
911.556484 5.749543
911.573933 5.747335
911.608604 5.746143
911.614907 5.744707
911.617161 5.744383
911.617572 5.744276
911.620846 5.744166
911.622805 5.744044
911.623743 5.743888
911.627613 5.743352
911.628829 5.742039
911.719026 5.740312
911.755778 5.632870
912.198460 5.629408
912.262868 5.615901
927.019812 5.592315
927.348160 5.588420
927.449567 5.580696
928.864664 5.580219
928.868120 5.580071
928.868342 5.580008
928.868375 5.580002
928.872629 5.578774
928.874350 5.578290
930.160011 5.576127
931.800016 5.574471
935.998188 5.574304
936.042067 5.574173
936.051239 5.571035
936.066627 5.566177
936.075374 5.565054
936.076471 5.560366
936.076627 5.545127
936.560582 5.523328
936.573382 5.517185
937.473655 5.474950
938.056909 5.462670
938.641993 5.455034
938.942689 5.442988
939.102588 5.442403
939.223937 5.441796
939.428451 5.441531
942.420265 5.420307
949.003284 5.412500
955.653872 5.402880
956.608684 5.401022
956.740978 5.400183
957.247723 5.398239
957.399293 5.397896
957.435100 5.396838
957.619188 5.395956
957.682236 5.395887
957.940219 5.395075
958.032887 5.394956
958.614679 5.394915
959.011235 5.394594
959.474157 5.394524
959.717208 5.392795
966.170693 5.195782
966.266209 5.195781
966.295396 5.195781
966.771721 5.195781
967.096179 5.195781
967.168149 5.195718
967.240040 5.194847
969.443217 4.773298
970.950721 4.664401
971.919420 4.415055
972.208882 4.415009
972.346347 4.414637
972.451260 4.414451
972.486723 4.414359
972.515750 4.414165
972.515825 4.413977
972.516083 4.413577
972.516096 4.413462
972.516216 4.413217
972.518006 4.413046
972.528620 4.400606
972.559323 4.396096
972.562661 4.396014
972.566124 4.395970
972.594250 4.377081
972.641501 4.338806
973.385727 4.324853
973.528333 4.125763
975.347009 3.869145
975.349724 3.865848
975.351237 3.857405
975.351703 3.853661
975.351704 3.850398
975.356489 3.818465
975.364670 3.818437
975.366857 3.818377
975.370960 3.817611
975.373094 3.817588
975.393206 3.817555
975.488352 3.066585
975.492583 3.026664
975.495402 3.026175
975.507305 3.026063
975.518460 3.023615
975.520306 3.016729
975.644848 1.913060
976.487216 1.673312
977.038951 1.593147
977.885493 1.342612
977.912757 1.323074
978.150298 1.300426
978.315594 1.295376
978.806971 1.270586
978.876074 1.231241
978.897055 1.186001
979.337105 1.150766
983.566439 1.147696
983.888542 1.142020
985.340220 0.924797
986.543475 0.063883
988.789951 0.000340
992.211650 0.000327
992.518811 0.000273
