2000.000000 2.000000
0.156097 999.474542
1.308932 992.844488
4.770716 985.445368
6.817203 981.680799
7.469807 980.709111
7.476229 980.667855
7.508110 980.590854
7.508405 980.549320
7.651987 980.097406
7.712029 979.641049
7.730539 979.617876
7.742650 979.403731
7.779301 979.279467
7.784408 979.241590
8.338486 976.615347
8.476182 975.009452
9.085904 974.980133
9.228109 974.681190
9.922277 974.103081
11.041372 972.577719
11.689981 971.854793
11.711739 971.142251
12.431050 969.535270
12.608343 968.148880
12.611280 967.990106
12.612009 967.969137
12.653683 967.794311
12.692811 967.045196
12.735702 966.982049
12.742084 966.230023
12.742543 965.909484
12.825909 964.803702
12.828915 964.799458
12.843756 964.741265
12.947618 963.573440
13.174309 962.934230
13.178423 962.822684
13.190939 962.585392
13.194533 961.833673
13.195018 960.519615
13.203286 960.040312
13.207017 960.019020
13.209537 959.973027
13.213342 959.926853
13.216467 959.905649
13.219117 959.901279
13.220449 959.891030
13.225133 959.874964
13.225844 959.868430
13.226058 959.868271
13.236480 959.867788
13.241278 959.867113
13.246400 959.863401
13.249815 959.833088
13.253244 959.831824
13.256296 959.811692
13.263247 959.695264
13.269157 959.694760
13.271077 959.694742
13.273744 959.694635
13.279327 959.664021
13.304285 959.600584
13.317067 959.196096
13.321710 956.673276
13.326797 956.169941
13.328862 954.187411
13.579825 954.053090
13.595194 954.018786
13.751856 950.898245
13.753229 950.407259
13.754446 950.385926
13.909495 950.103057
13.911119 950.092087
13.911301 950.080790
13.912073 950.075870
13.912893 950.072390
13.921657 950.035907
13.923120 950.005941
13.923705 949.973962
13.929445 949.862328
13.939236 949.538765
13.943483 949.533429
13.958919 949.530927
13.971811 949.301489
51.377632 946.682255
74.003331 946.639139
87.504027 946.615160
145.020845 946.512510
166.798613 924.947010
194.864994 924.196398
215.911622 923.710631
232.390020 923.548264
267.703006 923.245487
307.046853 915.909522
309.599541 915.877273
314.474118 915.872818
314.517428 915.872260
315.124648 915.872223
315.590984 915.872095
318.479885 915.866851
318.640036 915.848783
318.686897 915.841094
318.802566 915.830816
318.998239 915.820087
319.069764 915.814695
319.087891 915.804055
319.110972 915.790433
319.484764 915.764508
319.552576 915.751091
319.674573 915.743014
319.694079 915.742940
319.698050 915.724223
319.733639 915.723374
319.738191 915.719128
320.487945 915.719125
321.632872 915.719122
321.632981 915.719122
321.633204 915.719122
321.633764 915.719122
321.634062 915.719119
321.636603 915.719118
321.636623 915.719118
321.636648 915.719115
321.636649 915.719115
321.636661 915.719115
321.636901 915.719114
321.637131 915.719113
321.721662 915.719006
321.745693 915.718952
321.749445 915.718697
321.750210 915.718669
321.756480 915.718039
321.799543 915.717796
321.902319 915.714301
321.902691 915.706026
321.912850 915.699924
321.915251 915.677454
321.915254 915.671576
321.915289 915.668880
321.915383 915.666297
321.915395 915.666129
321.915396 915.666117
321.915399 915.665961
321.915399 915.665961
321.915399 915.665960
321.915399 915.665960
321.915399 915.665960
321.915399 915.665960
321.915399 915.665960
321.915399 915.665957
321.915399 915.665957
321.915399 915.665957
321.915399 915.665957
321.915399 915.665957
321.915399 915.665957
321.915399 915.665957
321.915399 915.665957
321.915399 915.665957
321.915399 915.665957
321.915399 915.665957
321.915399 915.665956
321.915399 915.665956
321.915399 915.665956
321.915399 915.665956
321.915399 915.665912
321.915399 915.665874
321.915399 915.665797
321.915399 915.665771
321.915401 915.665739
321.915410 915.662919
321.915942 915.659532
321.915943 915.659181
321.915943 915.659179
321.915944 915.659146
321.915944 915.659133
321.915944 915.659126
321.915944 915.659126
321.915944 915.659125
321.915944 915.659123
321.915944 915.659122
321.915944 915.659121
321.915945 915.659120
321.915945 915.659097
321.915947 915.659084
321.915948 915.659077
321.915949 915.658988
321.915949 915.658961
321.915949 915.658924
321.915949 915.658912
321.915949 915.658886
321.915949 915.658885
321.915949 915.658881
321.915949 915.656785
321.915949 915.656732
321.915949 915.656662
321.915949 915.656143
321.915950 915.656030
321.915950 915.655407
321.915950 915.655366
321.915950 915.655339
321.915955 915.650810
321.915955 915.650810
321.915956 915.650807
321.915957 915.650807
321.915961 915.650791
321.916006 915.650784
321.916009 915.650784
321.916009 915.650784
321.916009 915.650783
321.916009 915.650783
321.916010 915.650783
321.916010 915.650783
321.916010 915.650783
321.916010 915.650783
321.916010 915.650783
321.916010 915.650783
321.916010 915.650783
321.916010 915.650783
321.916010 915.650783
321.916010 915.650783
321.916010 915.650783
321.916012 915.650783
321.916012 915.650783
321.916012 915.650783
321.916012 915.650783
321.916012 915.650783
321.916012 915.650783
321.916013 915.650783
321.916013 915.650783
321.916013 915.650783
321.916018 915.650778
321.916028 915.650770
321.916203 915.650770
321.916475 915.650770
321.916602 915.650754
321.916987 915.650717
321.917259 915.630900
321.917558 915.630674
321.918050 915.575238
321.918055 915.572837
321.918056 915.572827
321.918069 915.572767
321.918079 915.572586
321.918080 915.571827
321.918080 915.571536
321.918080 915.570190
321.918082 915.567773
321.918512 915.558665
321.918615 915.539559
321.918703 915.539541
321.918707 915.539496
321.918719 915.539494
321.918752 915.539413
321.918757 915.539211
321.918762 915.539180
321.918762 915.539179
321.918763 915.539171
321.918763 915.539131
321.919081 915.538210
321.919425 915.536711
321.919455 915.530746
321.919472 915.530405
321.919522 915.530372
321.919616 915.530290
321.919617 915.530224
321.919618 915.530180
321.919627 915.529985
321.919637 915.529923
321.919678 915.529480
321.919678 915.529265
321.919678 915.529023
321.919971 915.527720
321.919975 915.527457
321.919996 915.527301
321.920002 915.527271
321.920003 915.527207
321.920514 915.505008
321.921256 915.504993
321.921682 915.504990
321.921692 915.504986
321.921696 915.504985
321.922183 915.504895
321.922663 915.503720
321.922992 915.502204
321.923544 915.501297
321.924518 915.501052
321.926113 915.498277
321.927336 915.498235
321.929674 915.497775
323.074160 915.495285
323.950576 915.491182
325.182464 915.491156
326.134774 915.491150
326.236797 915.491139
326.260881 915.491112
326.853397 915.489892
327.286270 915.489431
332.197873 915.489156
332.362720 915.489154
332.405228 915.489150
332.406256 915.489145
332.415499 915.489136
332.976950 915.488907
333.140245 915.488873
335.065071 915.488862
335.773779 915.488826
335.778983 915.488822
335.781688 915.488821
335.781694 915.488821
335.782214 915.488820
335.858532 915.488785
335.879371 915.488785
335.880120 915.488782
335.919064 915.488764
335.923323 915.488763
335.933829 915.488762
335.966420 915.488747
336.130709 915.488736
336.778754 915.488683
337.532091 915.488626
341.031544 915.486994
341.348844 915.486962
341.938355 915.486759
344.158404 915.485961
344.434776 915.485304
344.437027 915.485263
344.446048 915.485138
344.447663 915.485124
344.450010 915.485058
344.451866 915.484888
344.473074 915.484697
344.531521 915.484677
344.533390 915.484677
344.534180 915.484677
344.536788 915.484676
344.537387 915.484673
344.537474 915.484669
344.542866 915.484642
344.548839 915.484610
344.573293 915.484609
344.575911 915.484606
344.999157 915.484551
344.999454 915.484550
344.999504 915.484549
344.999693 915.484549
344.999836 915.484549
345.062901 915.484549
345.067205 915.484549
345.213000 915.484546
345.264953 915.484522
345.795347 915.484420
345.964192 915.484388
346.009826 915.484271
346.017955 915.484271
346.031150 915.484242
346.035363 915.484210
346.076589 915.483455
346.439351 915.483177
346.874959 915.483049
346.885151 915.482404
346.908608 915.480792
346.983408 915.480686
346.989747 915.480581
347.033060 915.480490
347.034138 915.480432
347.056202 915.480099
347.059534 915.479886
347.305359 915.479005
347.323489 915.477966
347.334506 915.477353
347.338669 915.477351
347.342153 915.477342
347.343234 915.477312
347.348768 915.477276
347.506668 915.477254
347.701093 915.476736
347.732373 915.476718
347.796534 915.476697
347.822848 915.476691
348.214866 915.475635
348.217259 915.475581
348.218208 915.475471
348.218563 915.475417
348.218604 915.475411
348.218604 915.475411
348.218604 915.475410
348.218604 915.475410
348.218604 915.475410
348.218604 915.475409
348.221816 915.475365
348.226361 915.475358
348.226571 915.475345
348.227543 915.475282
348.227586 915.475135
348.227593 915.475134
348.227599 915.475132
348.227617 915.475130
348.227628 915.475130
348.227629 915.475130
348.227656 915.475122
348.227669 915.475121
348.227686 915.475109
348.227844 915.474890
348.228033 915.474651
348.228772 915.474650
348.228776 915.474650
348.228776 915.474650
348.228860 915.474628
348.228868 915.474598
348.228873 915.474505
348.228903 915.474494
348.228918 915.474454
348.228919 915.474444
348.228921 915.474443
348.228921 915.474431
348.228921 915.474431
348.228921 915.474431
348.228921 915.474430
348.228927 915.474428
348.228951 915.474428
348.228959 915.474428
348.229021 915.474399
348.229035 915.474384
348.229160 915.474377
348.229174 915.474345
348.229505 915.474339
348.229539 915.474285
351.502131 915.467789
380.257527 915.467516
393.340646 915.466424
402.951685 915.438822
410.109978 915.276202
410.823957 915.263120
411.984657 915.262990
412.449658 915.262749
412.697343 915.261454
413.057340 915.259679
413.108123 915.259469
413.359431 915.259376
413.453141 915.259094
413.925298 915.258673
413.955764 915.257668
414.390504 915.257511
414.541200 915.257232
414.611067 915.256788
415.458274 915.219413
415.919973 915.188613
416.156325 915.179244
416.460400 915.143777
416.542028 915.134404
416.710625 915.131912
417.906163 915.032839
417.966501 914.856620
418.334932 914.834702
418.334935 914.833654
418.334938 914.833383
418.334991 914.833120
418.335089 914.832289
418.335147 914.832277
418.335202 914.832272
418.335208 914.829433
418.335319 914.817135
418.336547 914.812308
418.336563 914.809665
418.336564 914.809492
418.336597 914.809332
418.336601 914.809305
418.336607 914.809186
418.340154 914.805804
418.343158 914.783500
418.350258 914.782735
418.363672 914.779057
418.381264 914.779005
418.396825 914.774454
418.407748 914.773549
418.414285 914.769635
418.435905 914.769630
418.462147 914.769610
418.463571 914.768171
418.476272 914.766269
418.481580 914.763142
418.490450 914.729131
418.520295 914.721021
418.541742 914.719411
418.541752 914.662452
418.565385 914.629768
418.580548 914.595941
418.581654 914.595276
418.581708 914.593981
418.581728 914.593371
418.581738 914.591779
418.581774 914.591372
418.581784 914.590773
418.582165 914.587471
418.582193 914.528314
418.582262 914.527972
418.582301 914.527725
418.582320 914.527711
418.582330 914.527546
418.582471 914.527501
418.582546 914.527474
418.582609 914.527409
418.582629 914.527393
418.582655 914.527278
418.582656 914.527255
418.582656 914.527253
418.582657 914.527228
418.582657 914.527219
418.582658 914.527058
418.582659 914.526774
418.582662 914.526762
418.582663 914.526754
418.582676 914.526733
418.582687 914.526720
418.582693 914.526698
418.583002 914.526473
418.583010 914.526245
418.583054 914.526223
418.583061 914.526017
418.583067 914.525986
418.583067 914.525972
418.583070 914.525962
418.583070 914.525842
418.583071 914.525796
418.583072 914.525796
418.583074 914.525794
418.583075 914.525793
418.583075 914.525790
418.583094 914.525781
418.583100 914.525781
418.583102 914.525780
418.583102 914.525742
418.583102 914.525714
418.583106 914.525709
418.583111 914.525706
418.583133 914.525687
418.583141 914.525677
418.583147 914.525656
418.583169 914.525654
418.583193 914.525647
418.583274 914.525618
418.583307 914.525524
418.583351 914.525505
418.583351 914.525505
418.583460 914.525504
418.583460 914.525500
418.583464 914.525494
418.583464 914.525490
418.583464 914.525487
418.583464 914.525486
418.583465 914.525486
418.583465 914.525484
418.583465 914.525484
418.583465 914.525483
418.583466 914.525483
418.583466 914.525483
418.583466 914.525483
418.583466 914.525482
418.583466 914.525482
418.583466 914.525482
418.583466 914.525482
418.583466 914.525482
418.583467 914.525482
418.583467 914.525482
418.583467 914.525482
418.583467 914.525482
418.583467 914.525482
418.583467 914.525480
418.583467 914.525477
418.583467 914.525463
418.583468 914.525460
418.583472 914.525459
418.583473 914.525458
418.583473 914.525458
418.583474 914.525457
418.583484 914.525456
418.583490 914.525456
418.583493 914.525455
418.583495 914.525455
418.583498 914.525452
418.583498 914.525446
418.583499 914.525402
418.583500 914.525395
418.583510 914.525387
418.599498 914.468508
418.613815 914.431656
418.615294 914.431532
418.616078 914.431116
418.628652 914.428931
418.630920 914.425177
418.642067 914.423995
418.643705 914.420476
418.647652 914.419209
418.648607 914.418421
418.656920 914.416890
418.659991 914.399838
418.660216 914.396864
418.660223 914.396065
418.660418 914.388485
418.667900 914.379352
418.785475 914.371233
418.786096 914.302379
418.787582 914.229350
418.790055 914.212940
418.790074 914.201947
418.790274 914.120008
418.790279 914.105722
418.790543 914.103851
418.798164 914.101290
418.799174 914.101159
418.799178 914.101158
418.801471 914.101122
418.801603 914.101117
418.801608 914.101111
418.801688 914.101064
418.802432 914.100964
418.802548 914.100897
418.802550 914.100803
418.802580 914.100547
418.802596 914.100436
418.802604 914.100411
418.804421 914.098025
418.806122 914.098009
418.807902 914.096881
418.808131 914.096755
418.808142 914.096567
418.808176 914.096517
418.808560 914.095411
418.810040 914.090401
418.810531 914.080317
418.810550 914.066090
418.810559 914.065383
418.810633 914.063113
418.810824 914.060879
418.810840 914.048309
418.810845 914.045716
418.811875 914.045540
418.812013 914.045358
418.812045 914.044960
418.812071 914.044894
418.812173 914.043581
418.812232 914.043503
418.812241 914.041270
418.812805 914.040802
418.813104 914.040423
418.814760 914.040375
418.815705 914.040359
418.815809 914.040345
418.816375 914.040341
418.818050 914.040317
418.818682 914.040305
418.823002 914.038173
418.870629 913.794967
418.870640 913.766203
418.871437 913.763190
418.872007 913.654386
418.893718 913.585957
418.900470 913.559365
418.944930 913.411572
444.419148 573.741109
445.409666 552.244794
449.867771 527.012353
507.924161 522.680454
507.925157 522.677392
507.925387 522.668539
507.926143 522.657341
507.954736 522.652762
507.985753 522.650791
507.989805 522.649285
507.991318 522.648936
507.991401 522.648929
507.991455 522.648410
507.991501 522.647427
507.991531 522.647416
507.991616 522.647382
507.991747 522.647316
507.991920 522.647166
507.991953 522.647155
507.992147 522.647151
507.992232 522.647146
507.992268 522.647014
507.992314 522.646488
507.992628 522.646374
507.992634 522.646296
507.993051 522.646252
507.994152 522.645582
507.994241 522.645301
507.994392 522.645024
507.994664 522.644817
507.994702 522.644797
507.998667 522.644262
507.998736 522.644045
507.998840 522.615922
507.999036 522.613243
507.999037 522.605796
507.999718 522.570423
508.011463 522.543384
508.015596 522.533724
508.015805 522.516069
508.019642 522.391519
508.021289 522.373078
508.021361 522.372469
508.022430 522.370872
508.023174 522.368616
508.023393 522.366875
508.023394 522.366848
508.023397 522.366534
508.025451 522.366387
508.026031 522.365430
508.026056 522.349692
508.026134 522.348312
508.026145 522.347242
508.026179 522.346677
508.026677 522.345122
508.026817 522.343136
508.030699 522.328549
508.037106 522.307468
508.059079 522.305823
508.064346 522.300994
508.983364 522.218871
508.983498 522.218800
508.983522 522.218749
508.983548 522.218740
508.983582 522.218706
508.983593 522.218642
508.983612 522.218613
508.983614 522.218456
508.983616 522.218290
508.984735 522.218290
508.984972 522.218271
508.985637 522.218191
508.985840 522.218157
508.985987 522.218137
508.996699 522.209031
509.083559 522.199698
509.083771 522.198947
509.083977 522.198884
509.084040 522.198831
509.084083 522.198821
509.085921 522.198709
509.091155 522.195977
509.091159 522.195967
509.091159 522.195957
509.091159 522.195955
509.091385 522.195865
509.091391 522.195845
509.091418 522.195844
509.091439 522.195828
509.091457 522.195817
509.091484 522.195806
509.091917 522.194509
509.091951 522.194127
509.101670 522.193789
509.101763 522.193775
509.101819 522.193769
509.101827 522.193767
509.101980 522.193758
509.101981 522.193758
509.101983 522.193758
509.101984 522.193758
509.101986 522.193758
509.101994 522.193758
509.102003 522.193758
509.102073 522.193752
509.102074 522.193737
509.102075 522.193737
509.102075 522.193737
509.102075 522.193737
509.102076 522.193736
509.102079 522.193736
509.102081 522.193732
509.102082 522.193728
509.102091 522.193712
509.102101 522.193703
509.104738 522.193665
509.116059 522.190785
509.117927 522.190756
509.119346 522.190187
509.119900 522.189142
509.134019 522.188389
509.137112 522.180728
509.139815 522.179741
509.143024 522.178755
509.143427 522.178344
509.143797 522.178169
509.185718 522.176403
509.231763 522.168469
509.233365 522.167148
509.234414 522.161547
509.275389 522.160955
509.311099 522.156551
509.311851 522.152577
509.312356 522.152566
509.313377 522.151775
509.314687 522.150920
509.319849 522.141129
509.330480 522.098043
509.362565 522.097835
509.447250 522.097275
509.491848 522.096466
509.523182 522.096296
509.524729 522.095536
509.525158 522.094863
509.718299 522.072430
509.729410 522.023977
509.985755 521.793709
510.076387 521.737105
510.157781 521.733882
510.192580 521.731632
510.195977 521.690533
510.198126 521.654962
510.198707 521.643173
510.202227 521.622767
510.202531 521.592103
510.209107 521.589321
510.209525 521.588775
510.216503 521.588278
510.347947 521.266258
510.363453 513.688634
510.366361 509.310104
510.366718 496.102309
510.377723 495.684040
510.391610 493.680015
510.392889 493.649121
510.393369 493.646300
510.393371 493.626440
510.393371 493.623211
510.393481 493.615271
510.393485 493.600831
510.393488 493.596496
510.393523 493.572792
510.393575 493.560964
510.393610 493.555584
510.393797 493.551712
510.393826 493.544306
510.393871 493.543803
510.394520 493.543245
510.394580 493.542989
510.395014 493.516836
510.395040 493.508556
510.395106 493.508012
510.395223 493.505595
510.401068 493.371280
510.401101 493.165149
510.403263 492.982898
510.432076 488.540847
510.478339 479.261129
514.421431 479.216103
515.370364 478.232724
517.000316 478.228093
517.997139 477.824759
518.773447 473.925803
518.773717 473.893419
518.773762 473.893181
518.773765 473.892986
518.773879 473.852679
518.773900 473.851209
518.773901 473.841128
518.773916 473.840669
518.773916 473.830843
518.773916 473.820701
518.773917 473.815603
518.773920 473.815578
518.773955 473.759298
518.774115 473.748333
518.774115 473.746478
518.774118 473.743146
518.774120 473.743053
518.774125 473.742866
518.774126 473.741996
518.774126 473.741785
518.774137 473.733332
518.774157 473.731420
518.774162 473.730612
518.774164 473.728739
518.774187 473.726864
518.774196 473.726072
518.774196 473.723704
518.774201 473.715866
518.774201 473.493671
518.774201 473.469508
518.774202 473.465252
518.774202 473.462996
518.774203 472.524324
518.774206 472.420520
518.774208 472.383651
518.774208 472.301929
518.774211 472.300494
518.774211 472.122984
518.774493 472.100249
518.774875 472.089856
518.774964 472.023922
518.776578 471.681190
518.777679 471.664658
518.777728 471.647998
518.777972 471.589289
518.778633 471.587710
518.778633 471.587693
518.778634 471.587479
518.778634 471.587317
518.778635 471.587307
518.778636 471.587287
518.778640 471.586906
518.778656 471.586766
518.778659 471.585379
518.778665 471.583858
518.778668 471.582381
518.779337 471.575057
518.779562 471.568898
518.779624 471.567036
518.779656 471.566848
518.780165 471.437406
518.780604 471.401965
518.780663 471.401582
518.780689 471.398219
518.780700 471.282411
518.780706 471.278887
518.780707 470.998672
518.780734 470.919832
518.780753 470.888501
518.780787 470.834813
518.780798 470.751069
518.781126 470.651575
518.781200 470.295220
518.785406 470.275382
518.785994 469.709736
518.790759 469.648558
518.801949 469.635352
518.802162 469.634957
518.802167 469.631232
518.802180 469.629475
518.802182 469.629367
518.802184 469.629330
518.802186 469.629220
518.802198 469.627164
518.834289 469.578128
518.834291 469.577715
518.834291 469.577494
518.834301 469.577441
518.834313 469.577299
518.834330 469.574659
518.834355 469.556995
518.838727 469.548043
518.839225 469.547718
518.839269 469.547497
518.847317 469.534485
518.847345 469.533510
518.847352 469.533378
518.847362 469.533358
518.847366 469.533350
518.847366 469.533337
518.847375 469.533319
518.847452 469.533301
518.847456 469.533298
518.847457 469.533298
518.847501 469.533278
518.847505 469.533199
518.847711 469.533053
518.848855 469.533018
518.848923 469.532931
518.849230 469.532930
518.849690 469.532926
518.850766 469.532872
518.854926 469.532866
518.854929 469.532864
518.856771 469.532864
518.857207 469.524034
518.912702 469.520421
518.929880 469.516296
518.948088 469.512475
518.949182 469.476767
518.949605 469.412597
518.949912 469.323948
518.950566 469.262509
518.950566 469.230805
518.950572 469.207744
518.950809 469.085804
519.325995 467.159939
519.387984 467.048719
519.399926 466.932336
519.401222 466.931633
519.401678 466.930961
519.401751 466.848415
519.401785 466.826485
519.401802 466.819697
519.401906 466.817315
519.402458 466.815289
519.402984 466.813202
519.432168 466.709076
519.439272 466.615415
519.591381 466.615331
519.758640 466.615263
519.819632 466.615046
520.110612 466.614992
520.128382 466.608963
520.130020 466.576803
520.138762 466.576360
520.188978 466.537047
520.223916 466.492032
520.240507 466.491218
520.244705 466.489944
520.249884 466.489770
520.269662 466.489114
520.334766 466.478987
525.350613 466.430436
527.649590 466.208543
527.813149 466.083336
528.098277 465.974849
528.978367 465.832500
530.232250 465.547891
530.926367 465.507301
532.614992 465.495081
553.489134 465.400764
587.853307 465.299786
594.559675 465.117400
596.395998 465.036579
600.340212 464.916383
602.114235 464.498691
603.027027 464.291535
604.264685 464.265283
604.448459 464.258454
604.470854 464.258301
604.614371 464.258301
604.791206 464.253815
604.796001 464.247887
606.933966 464.234049
608.689246 464.227040
609.588940 464.224510
609.738377 464.161918
610.788701 464.158642
611.766086 464.152984
614.327676 464.130419
619.489338 464.081891
619.612636 463.994867
620.177755 463.991919
621.582127 463.991814
625.358441 463.986205
625.922273 463.974844
625.963986 463.971174
626.194835 463.970150
626.686881 463.967222
626.760151 463.960059
626.886389 463.959540
626.935811 463.952396
632.672509 463.952344
632.783583 463.952308
632.999757 463.952200
633.544232 463.951137
633.890381 463.950201
634.212726 463.949476
634.436218 463.945641
636.072556 463.939895
636.605909 463.937914
636.712234 463.937311
636.745627 463.936137
636.767979 463.917768
636.792983 463.917768
636.976797 463.917768
637.028625 463.917743
637.763925 463.917660
638.008746 463.917656
639.088685 463.916432
650.321199 463.915797
652.025700 463.915353
653.251772 463.915353
653.797402 463.915352
654.107702 463.915218
655.212862 463.915183
659.010233 463.914540
662.135578 463.911133
662.400092 463.911104
662.944706 463.911101
663.049059 463.911075
663.475299 463.911073
663.998300 463.911072
668.065292 463.911072
668.288140 463.911072
668.542079 463.911072
668.629403 463.911072
668.668579 463.911071
668.721908 463.911071
668.781337 463.911062
668.825222 463.911060
668.867343 463.911054
668.898809 463.911009
669.275608 463.911001
669.306277 463.910939
670.375028 463.910500
678.252434 455.423849
678.349000 455.399499
679.113637 455.257411
679.123235 454.105445
689.453478 453.058688
700.825307 451.443705
724.547275 450.906755
733.113711 448.852211
735.279958 448.815504
735.371849 448.663940
747.612861 447.937214
749.574711 447.936039
752.588588 447.934890
753.524174 447.893638
755.213377 447.882860
756.140264 447.854194
769.101435 447.852616
770.256583 447.851280
770.899682 447.850733
771.003575 447.850671
771.117227 447.850074
771.134525 447.725126
771.134698 447.725072
771.135028 447.724194
771.135292 447.719707
771.141905 447.707533
771.142095 447.691799
771.142802 447.645566
771.155284 447.637659
771.249201 447.607778
771.249214 447.605831
771.249217 447.482749
771.250934 447.425417
771.437052 447.394655
771.444798 447.392611
771.456345 447.392209
771.459337 447.384383
771.460989 447.297646
771.932818 446.852713
783.122378 444.786777
785.632490 444.523547
789.057628 444.512220
791.826389 444.226979
793.275866 443.692238
793.880054 443.686957
795.961221 443.680059
795.965849 443.673893
797.076031 443.624925
797.500662 443.623566
797.911861 443.586587
798.274153 443.580506
798.630203 443.302128
801.622907 443.273731
801.779011 443.259645
803.076919 443.259434
803.213041 443.255319
803.634125 443.239238
803.641475 443.176132
813.248387 443.157620
820.007663 441.627017
820.636609 441.334444
820.738977 437.912782
820.910883 437.910237
821.261591 437.909264
821.872524 437.908334
822.085785 437.907985
822.541782 437.901128
822.542151 437.900930
822.542184 437.900697
822.542185 437.900597
822.542198 437.900543
822.542392 437.899347
822.542407 437.892025
822.546839 437.883691
822.549947 437.879337
822.552620 437.875542
822.557648 437.851496
822.726893 437.796455
822.745031 437.700829
822.772533 437.660402
822.895064 436.666303
824.711703 436.356786
824.831680 433.768882
824.835996 431.892309
824.838166 431.373035
824.851999 429.612253
824.857780 428.658798
824.858448 426.370351
824.859616 424.685964
824.866776 424.606890
824.875272 424.446538
824.875278 424.446537
824.875279 424.446534
824.875297 424.446216
824.875376 424.446195
824.875506 424.445911
824.875961 424.445902
824.875998 424.445844
824.875998 424.445782
824.875999 424.445049
824.875999 424.444646
824.875999 424.444199
824.876098 424.444155
824.876292 424.444145
824.876305 424.444061
824.876333 424.444037
824.876370 424.444033
824.876409 424.444033
824.876422 424.444033
824.876808 424.444000
824.877242 424.443997
824.877674 424.443249
824.877758 424.413743
824.877813 424.349603
824.877868 424.337026
824.877869 424.290195
824.877871 424.264376
824.877872 424.247087
824.877873 424.219837
824.877873 424.218459
824.877873 424.218059
824.877874 424.207497
824.877945 424.175568
824.877948 424.157415
824.877952 424.152223
824.878102 424.152217
824.878127 424.152191
824.878276 424.152079
824.879536 424.151667
824.881337 424.150785
824.889702 424.149190
824.890496 424.146168
824.903241 424.137914
824.903292 424.124736
824.903323 424.103558
824.903356 424.093163
824.904512 424.079220
824.904555 424.078803
824.904710 424.061307
824.904739 424.058869
824.904891 424.058415
824.904961 424.057186
824.905037 424.057043
824.905055 424.057010
824.905070 424.056963
824.905274 424.056663
824.905542 424.056355
824.905544 424.056316
824.905545 424.056287
824.905579 424.052696
824.905817 424.046102
824.905847 424.043662
824.905917 424.036148
824.914385 424.016820
824.918776 424.005018
824.918836 424.004626
824.919093 424.002061
824.919126 424.001630
824.919437 424.000991
824.919622 423.972184
824.920252 423.957860
824.920280 423.950176
824.920290 423.942793
824.920398 423.925569
824.920429 423.925166
824.920980 423.887179
824.921944 423.823601
824.922267 423.819472
824.922295 423.806023
824.924370 423.781479
824.924874 423.779809
824.924961 423.773681
824.925416 423.773639
824.925524 423.770703
824.984119 423.761644
825.001977 423.754506
825.003972 423.753218
825.008268 423.738379
825.008516 423.738086
825.009629 423.733951
825.009946 423.733646
825.009946 423.732929
825.009950 423.732774
825.009953 423.732620
825.254137 423.656742
825.427862 423.060029
825.448156 422.864307
825.501657 422.085568
826.843090 421.649408
826.843420 420.154627
826.843421 420.105805
826.843421 420.075630
826.843422 420.066355
826.843722 419.990287
826.844169 419.976597
826.844182 419.955458
826.844182 419.703511
826.844290 419.600209
826.845109 419.571571
827.292756 419.471832
827.479192 419.431337
828.053235 419.068469
828.077063 418.643575
828.079965 418.599446
828.578744 418.590933
828.664143 418.589153
828.755925 418.589114
828.995061 418.589109
829.054443 418.588474
829.277239 418.578296
829.388061 418.578042
829.389170 418.577978
829.398628 418.565247
829.445174 418.471951
829.633504 418.437986
829.640907 418.419222
830.756459 416.998309
831.471722 416.509392
833.625940 397.854232
833.997362 397.840130
835.112821 397.708077
835.492460 397.420950
835.544637 397.060205
836.073557 394.195760
841.318996 393.195621
842.073122 379.701884
850.382296 376.131744
850.560290 293.395000
855.433241 57.222574
855.459040 57.100099
855.460003 57.079377
855.462492 57.070844
855.484296 56.964866
855.646081 56.926635
855.646249 56.925331
855.646249 56.924952
855.646275 56.924910
855.646276 56.924001
855.646299 56.923666
855.646342 56.923655
855.646365 56.923648
855.646384 56.923647
855.646396 56.923645
855.646425 56.922920
855.646429 56.922884
855.647494 56.922172
855.649058 56.919535
855.650763 56.919118
855.650790 56.918405
855.650870 56.917671
855.650913 56.917356
855.650978 56.916856
855.651084 56.916847
855.651129 56.916795
855.651150 56.916333
855.651294 56.915479
855.652209 56.915251
855.652857 56.914770
855.654445 56.914312
855.655325 56.914165
855.655420 56.914142
855.655785 56.904860
855.657311 56.902893
855.657406 56.893429
855.657438 56.888939
855.657452 56.887678
855.657462 56.885352
855.657491 56.884244
855.657547 56.876028
855.657551 56.875749
855.657560 56.875211
855.657576 56.874673
855.657593 56.874562
855.657596 56.872995
855.657696 56.871403
855.657823 56.870528
855.657894 56.870498
855.657907 56.870497
855.657933 56.870494
855.657935 56.870492
855.658017 56.870276
855.658257 56.870275
855.658341 56.870275
855.658341 56.870275
855.658342 56.870274
855.658345 56.870274
855.658391 56.867803
855.658403 56.867759
855.658721 56.867616
855.658723 56.867507
855.658727 56.867136
855.658878 56.866581
855.658908 56.866439
855.658916 56.866366
855.658963 56.865610
855.658963 56.865603
855.658963 56.865504
855.658964 56.865484
855.658964 56.865461
855.658966 56.865461
855.658970 56.865460
855.658975 56.865451
855.658998 56.865376
855.659001 56.864360
855.659001 56.863174
855.659001 56.863006
855.659006 56.862924
855.659026 56.862797
855.659185 56.862646
855.659522 56.861355
855.659643 56.851158
855.660665 56.847100
855.661229 56.841854
855.661249 56.841459
855.661278 56.837056
855.661280 56.837033
855.661284 56.836901
855.661289 56.836898
855.661290 56.835533
855.661291 56.835475
855.661291 56.835250
855.661313 56.835198
855.661313 56.834143
855.661314 56.833628
855.661316 56.833056
855.661316 56.832568
855.661319 56.832568
855.661319 56.832566
855.661332 56.832565
855.661332 56.832564
855.661358 56.832543
855.661358 56.832537
855.661361 56.832533
855.661537 56.694600
855.661549 56.506019
855.661974 56.249675
855.662110 56.167591
855.662279 55.618552
855.664853 55.497038
855.670569 55.441230
855.671619 55.424118
855.673725 55.228893
855.674254 55.219367
855.674260 55.198429
855.674317 55.189716
855.674361 55.179128
855.674593 55.163373
855.675233 55.155999
855.675704 55.152134
855.700370 55.143546
855.704111 55.134310
855.721399 55.133036
855.721684 55.132569
855.722073 55.131871
855.722112 55.131861
855.722120 55.131840
855.722187 55.131378
855.722208 55.131146
855.728410 55.124322
855.733882 55.123213
855.734196 55.116210
855.735238 55.060363
855.754055 55.057616
855.756393 55.057362
855.758724 55.056869
855.758854 55.056610
855.759223 55.056181
855.759375 55.052494
855.760441 55.048527
855.763050 55.048046
855.884344 54.891191
856.009051 54.881260
856.146030 54.848603
856.146142 54.848344
856.146497 54.848338
856.147495 54.847717
856.147715 54.847677
856.148300 54.846746
856.149035 54.846684
856.149837 54.846641
856.150254 54.846641
856.152292 54.846639
856.152293 54.846627
856.152293 54.846625
856.152294 54.846611
856.152294 54.846609
856.152315 54.846593
856.152371 54.846562
856.153049 54.846181
856.160535 54.845260
856.165406 54.834580
856.172067 54.834318
856.185371 54.833538
856.226375 54.831654
856.373695 54.828790
856.382546 54.828789
856.383075 54.828774
856.383709 54.828769
856.383712 54.828768
856.383713 54.828768
856.383715 54.828768
856.383721 54.828768
856.383727 54.828768
856.383736 54.828767
856.383943 54.828767
856.384204 54.828767
856.384250 54.828762
856.387967 54.828752
856.395145 54.828706
856.399930 54.828629
856.401611 54.828628
856.403300 54.828628
856.405086 54.828622
856.405554 54.828603
856.405590 54.828595
856.406485 54.828533
856.504303 54.824419
856.540145 54.737380
856.675701 54.627918
856.692669 54.617022
856.774244 54.617021
856.775677 54.617021
856.778257 54.617021
856.800650 54.617018
856.843644 54.617006
856.854562 54.615077
856.855381 54.612087
856.859173 54.611083
856.859938 54.610599
856.885947 54.610160
856.891476 54.609793
856.913835 54.608270
856.914131 54.608243
856.919116 54.607326
856.982701 54.599327
856.982725 54.598766
856.983773 54.594393
856.991802 54.578551
856.992176 54.576642
856.994336 54.569641
856.995639 54.564728
856.997246 54.563084
857.000093 54.451374
857.000960 54.445331
857.001007 54.433474
857.001083 54.432303
857.001118 54.429957
857.001816 54.399482
857.002178 54.369506
857.009101 54.342580
857.009207 54.324011
857.010429 54.322273
857.010582 54.319700
857.010634 54.318860
857.018566 54.318064
857.048685 54.310704
857.051681 54.306811
857.051859 54.306628
857.052068 54.305703
857.054626 54.305069
857.055846 54.297232
857.056599 54.296922
857.056640 54.293465
857.307016 54.293245
857.332816 54.293223
857.347035 54.293205
857.359521 54.292838
857.366873 54.292730
857.371327 54.292696
857.379099 54.292651
857.391039 54.292535
857.423083 54.292498
857.431578 54.292478
857.560419 54.291889
857.822907 54.291840
857.879357 54.291821
857.909635 53.992780
858.200632 53.014013
858.636551 53.008162
859.223960 53.006031
860.603794 53.002135
860.662503 53.000693
860.807592 52.999192
860.849379 52.988903
860.910933 52.983100
861.053884 52.980781
861.119985 52.980656
861.133359 52.979421
861.149602 52.979134
861.158771 52.978701
861.161063 52.977425
861.268237 52.973548
861.270728 52.971640
861.474626 52.971507
861.550900 52.971473
861.646863 52.970794
861.711255 52.970778
861.763552 52.970710
862.972646 52.969812
863.136734 52.969660
863.731589 52.969036
863.930891 52.967478
864.308348 52.965184
865.079366 52.963191
866.019734 52.961683
866.563281 52.954373
866.658185 52.946348
866.669472 52.945187
866.720863 52.943979
866.721922 52.942498
866.751312 52.941978
866.777688 52.941966
866.779618 52.941959
866.780757 52.941958
866.805673 52.941957
866.983630 52.941860
867.036238 52.940131
867.191715 52.939839
868.541086 52.939520
868.656387 52.897004
868.816611 52.886462
868.817320 52.792765
868.817471 52.792752
868.817548 52.792746
868.817550 52.792737
868.817551 52.792730
868.817551 52.792730
868.817551 52.792730
868.817551 52.792730
868.817551 52.792730
868.817551 52.792729
868.821512 52.792720
868.839371 52.792685
868.841512 52.792683
868.841954 52.792667
868.954804 52.790258
869.692110 52.767742
869.740410 52.764931
869.807337 52.738077
869.997598 52.119886
870.409390 52.115426
870.410514 52.114582
870.410965 52.100496
870.453199 52.100312
870.531054 52.060406
870.555053 51.992625
871.021842 51.988641
871.100881 51.935414
871.389846 51.930417
871.570498 51.751404
871.570596 51.751398
871.570661 51.751396
871.574491 51.751396
871.575113 51.751396
871.586499 51.751307
871.593831 51.751162
871.605544 51.750739
871.654176 51.749294
871.710577 51.748893
871.715462 51.748743
871.776152 51.747064
871.800871 51.746212
871.897424 51.733666
872.316183 51.732940
872.399182 51.732332
874.713994 51.183202
874.892376 50.996327
874.931730 50.698976
874.931795 50.698185
874.931968 50.698073
874.947371 49.689801
875.615865 49.054566
875.620634 49.054498
875.630005 49.053926
875.656250 49.053482
875.678521 49.046003
875.692274 49.040989
875.728133 49.039597
875.733044 49.031838
875.733397 49.028306
875.795706 49.017833
875.815297 49.016317
875.955697 48.996427
875.969313 48.919321
875.974321 48.879072
878.456754 48.820469
878.918314 48.549580
879.093609 48.549400
879.123885 48.549189
879.165736 48.501810
879.168607 48.463754
880.078778 48.300139
880.079255 48.288189
880.089531 48.241579
880.090599 48.233007
880.104098 48.217729
880.141670 47.687473
880.164971 46.461113
883.991284 46.455991
884.426342 46.444981
886.121117 46.420692
888.514278 46.407732
890.251359 46.395512
891.001587 46.088402
891.008138 45.884256
891.145745 45.869357
891.148182 45.849498
891.209228 45.740134
891.329312 45.727708
891.490544 45.690005
891.494375 45.622074
891.499578 45.594029
891.529149 45.578185
891.585961 45.564299
891.606999 44.927899
891.631940 44.927809
891.651152 44.927754
891.661410 44.927754
891.673108 44.927743
891.743627 44.860180
892.329919 44.745322
892.335869 44.698932
892.389065 44.603452
892.389110 44.603450
892.389857 44.603381
892.394571 44.603260
892.399014 44.601802
892.400545 44.599257
892.400782 44.533336
892.401177 44.529829
892.409515 44.504587
892.414149 44.501990
892.420572 44.501113
892.421030 44.501013
892.421929 44.500455
892.421936 44.497232
892.421947 44.492422
892.422406 44.491901
892.422555 44.491814
892.422555 44.491783
892.422556 44.491728
892.422642 44.490882
892.422654 44.490855
892.422775 44.490846
892.457893 44.436120
892.462630 44.424592
892.466956 44.417173
892.471659 44.415450
892.487429 44.415353
892.499291 44.415050
892.579842 44.410977
892.583072 44.306144
892.585938 44.306059
892.588226 44.305915
892.589249 44.305910
892.592048 44.305908
892.592409 44.305699
892.592481 44.304384
892.593430 44.294910
892.593894 44.290951
895.375883 44.275010
897.350093 44.252886
897.453868 44.252886
897.676360 44.252837
897.889372 44.252795
898.015237 44.252680
900.721396 44.252568
900.961490 44.248872
901.302031 44.248215
901.338590 44.247430
901.358363 44.244475
901.359104 44.243397
901.364196 44.243364
901.364250 44.243244
901.364510 44.243135
901.365531 44.242788
901.369746 44.241198
901.402205 44.240814
901.452337 44.240528
901.459606 44.239883
901.474459 44.238878
901.477821 44.236885
901.482257 44.236703
901.592344 44.231331
901.644722 44.192452
901.649161 44.191671
901.649386 44.191340
901.649607 44.190990
901.650895 44.190966
901.651035 44.190551
901.651053 44.190541
901.651059 44.190518
901.651291 44.190290
901.651665 44.189952
901.653834 44.189170
901.654366 44.188063
901.660828 44.186749
901.668908 44.185347
901.677232 44.185331
901.677812 44.185292
901.678133 44.185251
901.687823 44.185232
901.688050 44.185216
901.699238 44.185214
901.699285 44.185213
901.699512 44.185213
901.699914 44.185213
901.703995 44.185202
901.704015 44.185193
901.705259 44.185193
901.706361 44.185192
901.707031 44.185188
901.707529 44.185188
901.708632 44.185188
901.730246 44.185181
901.732863 44.185180
901.736763 44.185180
901.749783 44.166783
901.749788 44.166728
901.749792 44.166464
901.749830 44.166439
901.749907 44.166427
901.749935 44.166427
901.749936 44.166427
901.750161 44.166168
901.781255 44.161403
901.781599 44.141307
901.781912 44.122943
901.824509 44.122938
901.838641 44.122937
901.864567 44.122849
901.911680 44.122580
901.922438 44.122498
901.962500 44.121118
901.967284 44.120168
901.970757 44.120068
907.741534 43.892659
911.026427 43.798061
912.475787 43.641762
923.917810 43.547566
924.081395 43.542804
924.217501 43.539653
926.501217 43.532061
927.038090 43.531402
927.080243 43.531356
927.151496 43.531348
927.377748 43.530450
931.757879 43.530282
932.904938 43.528033
934.829979 43.484821
935.166798 43.484283
937.332508 43.482030
938.228390 43.458767
938.601994 43.456742
943.463158 43.446354
943.504648 43.446199
943.515166 43.446122
943.838908 43.435451
943.843080 43.431267
962.631947 43.409691
962.637954 43.369779
962.648920 42.556180
962.880240 42.049520
962.961808 42.029294
962.996110 42.021575
963.005695 42.020731
963.009362 42.020366
963.028455 42.020223
963.037139 42.020217
963.063450 42.019171
963.301696 42.019090
963.325733 42.019085
963.442896 42.018932
963.797999 42.018674
963.839924 42.018502
964.738344 42.003632
965.447101 41.984035
965.662505 41.978613
966.077372 41.932876
966.086155 41.919560
966.108370 41.916796
966.153887 41.912452
966.163064 41.835249
966.177297 41.817808
971.038154 41.508274
972.886067 41.370997
973.558899 41.288414
973.560403 41.092957
973.562423 41.091268
973.568507 41.069582
973.737650 41.068291
974.761900 41.068042
977.252467 41.065930
978.738349 41.027251
978.739155 41.026625
978.777781 41.026233
978.777978 41.024764
978.818622 41.024405
978.831641 41.024074
978.950901 41.017863
978.953440 40.457635
978.953589 40.457298
978.953678 40.455754
978.954990 40.455506
978.955263 40.455052
979.646229 39.849154
979.650815 39.848920
979.650874 39.848437
979.651274 39.848088
979.652479 39.834691
979.708221 39.834442
979.740205 39.654263
979.746292 39.571081
979.920521 39.563366
979.955821 39.561645
979.999890 39.561515
980.003665 39.561175
980.041416 39.431576
980.135030 38.354843
980.184443 38.203533
980.252981 38.200583
980.748759 28.336890
980.898985 28.065315
980.968212 28.062581
980.981449 27.944179
981.049155 27.919200
981.194986 27.827856
981.211029 27.733526
981.231645 27.684147
981.273049 26.974595
981.618414 26.640712
981.624156 26.637831
985.310177 26.615368
986.934417 26.605414
989.280831 26.398455
989.295645 26.383331
989.421465 26.368393
989.432221 26.346069
989.450575 26.339353
989.487003 26.327354
989.495125 26.324796
989.518104 26.293461
990.938786 26.290521
991.144020 26.220976
991.164215 26.212029
993.125581 26.164692
993.125930 25.975676
993.125958 25.965415
993.126240 25.936943
993.126245 25.928730
993.126477 25.912016
993.126505 25.883914
993.126511 25.883695
993.126923 25.883215
993.127887 25.882692
993.127965 25.873284
993.127975 25.872651
993.128431 25.872552
993.131529 25.638293
993.133761 25.635116
993.135870 25.632773
993.135888 25.632262
993.135899 25.631518
993.136404 25.604751
993.136694 25.593970
993.136816 25.550144
993.136939 25.549923
993.137441 25.549855
993.141521 25.501922
993.149259 25.481434
993.167402 23.673352
993.852783 23.637305
993.853373 23.636070
993.854261 23.634352
993.858128 23.632666
994.003649 23.596924
994.004291 23.540730
994.335282 23.273211
994.370300 20.089558
994.372526 20.079288
994.373554 20.075641
994.382163 20.070057
994.553366 20.051139
994.957125 19.959484
994.959626 19.951705
994.996439 19.951487
995.052604 19.948555
995.121161 19.948100
995.206680 19.873446
995.332294 19.869394
995.412660 19.857705
995.412828 19.834839
995.412951 19.833470
995.412956 19.827775
995.414351 19.806687
995.424554 19.805242
995.430822 19.804210
995.451811 19.802630
995.455044 19.800084
995.495291 19.798964
995.684299 19.797061
995.684637 19.796812
995.686094 19.790705
995.692402 19.789460
995.711734 19.788212
998.152048 19.359725
998.522841 18.895296
998.983672 18.440127
999.597708 13.109726
999.660224 5.758061
999.792354 1.562100
999.801212 0.437521
