2000.000000 2.000000
1.045918 999.857563
2.215956 999.727735
2.216843 999.723048
2.230843 999.719710
2.231312 999.716599
2.231318 999.715164
2.231321 999.715018
2.231321 999.714953
2.231321 999.714742
2.231326 999.714676
2.231353 999.714648
2.231362 999.714480
2.231645 999.714440
2.232136 999.714169
2.232153 999.713973
2.232225 999.713931
2.232226 999.713927
2.232227 999.713915
2.232230 999.713888
2.232688 999.713126
2.233158 999.710970
2.233308 999.710964
2.233352 999.710939
2.233355 999.707625
2.233356 999.706101
2.233356 999.705991
2.233590 999.699543
2.239544 999.699046
2.243236 999.698802
2.243420 999.698463
2.247895 999.696905
2.248063 999.685419
2.248156 999.655396
2.263156 999.643770
2.265707 999.639717
2.270732 999.636305
2.315152 999.532282
2.315468 999.516708
2.315828 999.510170
2.315862 999.488360
2.315901 999.486693
2.315912 999.486675
2.316068 999.486409
2.316069 999.485890
2.316082 999.485825
2.316097 999.485741
2.316105 999.485706
2.316112 999.482659
2.316124 999.481760
2.316390 999.481748
2.316593 999.481729
2.316598 999.481719
2.316751 999.481700
2.316775 999.477562
2.316827 999.477539
2.316890 999.477536
2.327046 999.474555
2.351423 999.472110
2.430800 999.463786
2.439946 999.397292
2.440981 999.393607
2.442256 999.391822
2.442488 999.323648
2.485276 999.298950
2.493283 999.298553
2.493323 999.298552
2.493386 999.298552
2.493580 999.298519
2.493860 999.298448
2.495223 999.298442
2.495356 999.298427
2.495421 999.298426
2.495478 999.298426
2.495550 999.298426
2.496450 999.298424
2.497079 999.298421
2.497122 999.298381
2.497207 999.298361
2.497226 999.298326
2.497293 999.298269
2.499340 999.274260
2.503996 999.263988
2.571599 999.263531
2.883077 999.249991
3.034082 999.188304
3.453434 999.175598
3.463557 999.173370
3.468698 999.173138
3.753384 999.173122
3.947834 999.173101
4.213446 999.172912
5.077488 999.172892
5.104131 999.172501
5.113258 999.172209
5.115772 999.172005
5.263696 999.171950
5.271945 999.171496
5.569600 999.167611
5.874208 999.124903
5.932055 999.113470
6.075301 999.113351
6.141574 999.108641
6.167424 999.107479
6.167460 999.100371
6.167720 999.099928
6.167730 999.099843
6.167803 999.099766
6.167855 999.099024
6.168234 999.099006
6.168666 999.096754
6.169247 999.088833
6.171196 999.087762
6.171262 999.087738
6.176579 999.084094
6.176856 999.083621
6.181954 999.083512
6.209730 999.083134
6.218238 999.081986
6.236603 999.081647
6.242338 999.064603
6.242783 999.048421
6.373229 998.985675
6.431586 998.968005
6.480824 998.967743
6.546024 998.966983
6.549006 998.965915
6.587554 998.965878
6.611962 998.965868
6.688400 998.965843
6.727595 998.963613
6.740215 998.961648
6.740971 998.961001
6.741025 998.960988
6.745773 998.960980
6.747433 998.960219
7.095140 998.957704
7.181599 998.957000
7.191941 998.919478
7.192039 998.910897
7.335855 998.799896
7.608370 998.795536
7.612584 998.789202
7.964570 998.787913
8.409459 998.787911
8.422751 998.787903
8.465885 998.787826
8.486926 998.787809
8.493077 998.787737
8.504130 998.787725
8.536220 998.787467
8.594130 998.784945
8.601258 998.784721
8.611498 998.784071
8.667748 998.783826
8.704134 998.783150
8.707862 998.783148
8.715225 998.782217
8.732416 998.781898
8.741948 998.781723
8.773664 998.778187
8.773926 998.771082
8.780087 998.711978
8.809465 998.702472
8.822915 998.689900
8.845721 998.689800
8.854942 998.689196
8.862324 998.682621
8.869333 998.682541
8.895910 998.682350
8.911696 998.672470
9.000226 998.653074
9.049295 998.627207
9.083673 998.621846
9.251362 998.618374
9.268059 998.613591
9.273326 998.613236
9.273813 998.612624
9.295463 998.612358
9.320486 998.557261
9.376896 998.555238
9.389359 998.552252
9.551166 998.551857
9.554816 998.548291
9.683807 998.548208
9.738490 998.542486
9.898787 998.532586
10.005471 998.528577
10.033854 998.393148
10.082309 998.363699
10.173093 998.250899
10.181687 998.054099
10.181974 998.038144
10.184512 998.018978
10.189201 997.951001
10.225115 997.939920
10.247916 997.938084
11.236524 997.901043
11.407413 997.711524
11.518742 995.816349
12.747347 994.574294
14.329226 994.513381
16.523753 993.614932
17.125011 992.323627
17.348683 991.860275
17.451253 981.104678
17.462921 980.648276
17.463824 980.636699
17.464787 980.621035
17.465662 980.608108
17.465857 980.598288
17.466068 980.584757
17.483334 977.774773
17.593557 977.569026
17.638926 977.473843
17.679677 977.225813
17.792453 976.980375
17.794271 976.631956
18.700204 974.906828
22.207332 974.787532
24.092865 954.915685
39.864769 944.990942
41.926278 927.194767
42.193315 927.019123
42.210818 927.005855
42.214395 927.004495
43.629597 926.973206
44.340369 926.954778
45.223600 926.912571
46.478448 926.437828
46.647990 923.995903
46.677053 922.491318
48.283048 910.962673
49.011068 907.284477
49.065689 864.581307
52.427898 590.864310
58.062181 571.588207
64.363631 571.028078
64.528211 566.922952
68.655194 566.702048
79.796325 566.662362
79.815776 566.510649
80.345821 566.462985
81.338374 565.782636
102.837879 565.671730
104.200051 565.586438
104.563156 560.198619
105.154509 558.471153
108.257935 555.329805
108.705301 547.964094
109.715944 518.659328
113.157734 517.686283
116.856267 507.400284
117.663533 506.895646
120.060484 502.998631
124.080307 502.971441
124.618831 502.967388
127.155554 502.962714
127.289464 502.960855
127.454314 502.959953
127.522385 502.939190
127.525483 502.934496
127.650773 502.843323
128.158116 502.728931
130.595992 502.647993
131.053381 502.508826
133.946498 502.433687
136.682650 502.401919
136.694960 502.312284
136.715121 502.275171
136.738760 502.244663
137.480974 502.229327
137.856484 502.224612
137.868151 502.215772
138.912333 502.004186
138.918285 502.003400
139.101272 501.950282
139.145542 501.945991
139.147602 501.942182
139.148572 501.941996
139.175033 501.927919
139.175836 501.911237
139.261680 501.909592
140.337277 501.889433
140.337542 501.889322
140.337893 501.889318
140.338588 501.889318
140.340020 501.889303
140.340391 501.889161
140.343999 501.888280
140.344293 501.886964
140.344522 501.886751
140.352750 501.883680
140.353308 501.870082
140.353947 501.866221
140.354106 501.866184
140.354158 501.865895
140.354564 501.865138
140.360443 501.856122
141.700935 501.807218
142.903206 501.804461
143.399084 501.785395
143.517765 501.782299
143.829657 501.772244
143.843383 501.772037
143.861793 501.771654
144.018343 501.771379
144.033836 501.767747
144.039778 501.763924
144.054945 501.762679
144.106038 501.761703
144.108422 501.761640
144.109350 501.761570
144.276598 501.761542
144.285359 501.761540
144.289178 501.761539
144.291778 501.761538
144.296304 501.761538
144.307235 501.761537
144.379479 501.761517
144.639691 501.761511
145.368977 501.761423
145.403688 501.761401
145.404120 501.761339
145.443325 501.761242
145.580289 501.761109
146.537165 501.760777
146.912021 501.759367
147.148766 501.697765
147.378938 501.459313
147.430054 501.419770
147.651509 500.966273
148.360730 500.916651
150.127574 500.506133
150.146645 500.355010
150.783543 500.339810
151.435646 500.338137
151.530727 500.337989
151.557859 500.337929
151.585520 500.337706
151.614657 500.335067
151.915283 500.296937
151.998164 500.278437
152.055751 500.277246
152.094945 500.276004
152.123853 500.274932
152.123964 500.274333
152.124004 500.268280
152.124160 500.268042
152.134689 500.260387
152.135456 500.257288
152.144748 500.154110
152.196777 500.153576
152.199602 500.124301
152.240238 500.124137
152.242245 500.123937
152.267198 500.123889
152.288855 500.123653
152.294082 500.120785
152.311610 500.120335
152.314044 500.118537
152.314712 500.118525
152.315188 500.118409
152.316573 500.118392
152.316650 500.118356
152.318990 500.117945
152.319804 500.117788
152.320719 500.117573
152.320901 500.117533
152.320923 500.117301
152.322713 500.116198
152.323281 500.116197
152.323535 500.116193
152.323897 500.116192
152.324202 500.116187
152.324412 500.116187
152.327582 500.098732
152.340064 500.084287
152.340089 500.084283
152.340104 500.084283
152.340450 500.084282
152.340921 500.084281
152.341049 500.084275
152.341886 500.084264
152.471039 500.074984
152.584777 500.072542
152.597726 500.069594
152.615550 500.066225
152.670714 500.065863
152.788249 500.037109
152.836182 500.026126
152.847486 500.015567
152.858406 500.013478
152.975900 500.002296
153.006866 499.739412
153.006978 499.739411
153.006987 499.739409
153.011146 499.739090
153.058863 499.738607
153.059941 499.738412
153.061060 499.733453
153.061551 499.733333
153.062253 499.732345
153.062495 499.732189
153.062699 499.732138
153.063236 499.732085
153.068951 499.722359
153.979586 499.720972
154.035231 499.720750
154.075554 499.331135
154.079885 499.325049
154.083004 499.111512
154.086860 498.731768
154.087920 498.607745
154.089457 498.561069
154.090168 498.493903
154.098487 497.675191
154.106561 497.662399
154.108643 497.641351
154.140668 497.624184
154.320311 497.045393
154.616888 496.866834
154.654992 496.706343
154.682351 496.697438
154.689270 496.620380
154.689750 496.620366
154.692570 496.620359
154.695824 496.620273
154.697244 496.616968
154.802801 496.318458
155.022250 496.307567
155.287167 496.179390
156.295608 496.091986
156.320577 496.086137
156.347004 496.076890
156.347477 496.076853
156.348703 496.076799
156.359719 496.076698
163.220427 495.895936
174.159205 495.845836
174.329221 495.781106
175.214319 495.732204
175.221966 495.636798
175.507197 495.630980
175.802941 495.625489
176.225304 495.567123
176.274586 495.495434
176.282905 495.427421
176.282915 495.412646
176.282922 495.402506
176.299665 495.270132
176.491260 494.475704
178.728847 494.223269
180.938681 494.083913
181.506027 494.008369
181.567380 493.955466
182.678709 493.945502
183.063556 493.814375
183.173867 493.653938
183.185512 493.597400
183.208571 493.586187
183.226410 493.577851
183.408180 493.395424
185.168604 493.049468
186.578480 491.409361
187.448393 490.860402
206.357803 489.108375
222.490136 486.560092
222.905228 486.459743
223.416641 486.452246
233.291716 486.399443
233.863558 479.397580
235.995920 474.519900
236.571399 467.933504
239.570213 461.843372
242.156023 455.500369
249.190207 455.256141
249.695716 455.146070
249.955846 455.078834
250.220696 455.065654
250.222829 455.065652
250.222900 455.065639
250.222901 455.065606
250.223055 455.065541
250.231862 455.064395
250.232977 455.063478
250.233169 455.062935
250.234645 455.057515
250.235343 455.057165
250.235363 455.056905
250.235618 455.056728
250.236143 455.054822
250.502388 455.042385
250.506582 455.026453
250.530797 455.015669
250.586975 454.982550
250.587736 454.979794
250.587741 454.979692
250.587748 454.979512
250.587755 454.979075
250.587761 454.977969
250.587764 454.976837
250.587830 454.976825
250.588078 454.976821
250.588079 454.976799
250.588080 454.976529
250.588081 454.976417
250.588081 454.972004
250.588143 454.969683
250.588149 454.968927
250.588150 454.968752
250.588169 454.967783
250.588362 454.962326
250.593643 454.956221
250.594103 454.880686
250.602000 454.804146
250.602193 454.791121
250.610759 454.789995
250.615932 454.789986
250.618939 454.789985
250.645091 454.788381
250.660494 454.788041
250.666085 454.733725
250.729322 454.728760
250.731763 454.727764
250.732565 454.727465
250.733031 454.727144
250.734376 454.723611
250.757482 454.723577
250.830474 454.723576
250.919597 454.723562
250.923019 454.723561
250.928374 454.723560
250.936468 454.723560
250.937185 454.723560
250.937770 454.723559
251.031896 454.723559
251.044718 454.723552
251.197283 454.723552
251.218435 454.723552
251.221594 454.723552
251.248699 454.723550
251.254138 454.723549
251.519797 454.723549
251.575833 454.723549
251.580036 454.723549
251.580038 454.723549
251.580401 454.723549
251.581858 454.723549
251.583055 454.723549
251.672193 454.723549
251.731558 454.723549
251.731566 454.723549
251.731621 454.723549
251.731631 454.723548
251.742528 454.723548
251.756904 454.723547
251.813623 454.723547
252.046682 454.723547
252.221421 454.723546
252.222036 454.723545
252.222085 454.723545
252.222152 454.723545
252.222154 454.723545
252.222155 454.723545
252.222156 454.723545
252.222392 454.723545
252.223457 454.723545
252.230760 454.723544
252.235474 454.723541
252.236103 454.723074
252.236392 454.722866
252.237341 454.722752
252.237539 454.722576
252.241568 454.722483
252.270406 454.722342
252.294148 454.721978
252.308551 454.721846
252.337987 454.721766
252.340422 454.721752
252.357025 454.721435
252.357058 454.721427
252.357089 454.721416
252.357106 454.721415
252.357135 454.721415
252.357144 454.721412
252.357173 454.721411
252.357284 454.721401
252.357336 454.721366
252.397325 454.721037
252.400774 454.721002
252.408110 454.720989
252.418527 454.720982
252.419295 454.720981
252.420068 454.720980
252.422313 454.719673
252.423970 454.719490
252.425010 454.719110
252.440532 454.718654
252.440842 454.718251
252.440862 454.717315
252.441285 454.717222
252.441411 454.717199
252.441543 454.717091
252.441596 454.716993
252.441740 454.716968
252.443551 454.716967
252.444547 454.716962
252.445223 454.716954
252.445900 454.716953
252.445978 454.716943
252.446089 454.716932
252.446311 454.716909
252.446315 454.716882
252.448074 454.716704
252.449105 454.715408
252.449154 454.714902
252.449238 454.714646
252.449239 454.713814
252.449246 454.713691
252.449978 454.713690
252.450231 454.713323
252.450534 454.711333
252.450716 454.710866
252.455725 454.710840
252.455733 454.710581
252.455772 454.710264
252.455779 454.710188
252.455835 454.709320
252.455835 454.709189
252.455839 454.709061
252.461351 454.709035
252.461509 454.708808
252.461547 454.708491
252.461603 454.707462
252.462787 454.707363
252.466898 454.707191
252.468799 454.706452
252.468799 454.706452
252.468800 454.706452
252.468800 454.706452
252.468800 454.706452
252.468800 454.706452
252.468800 454.706450
252.468800 454.706449
252.468800 454.706446
252.468801 454.706444
252.468801 454.706441
252.468804 454.706390
252.468807 454.706390
252.468807 454.706388
252.468807 454.706384
252.468807 454.706382
252.468807 454.706381
252.469053 454.706024
252.469076 454.705972
252.469083 454.705921
252.470718 454.705903
252.482296 454.705864
252.482346 454.705835
252.482442 454.705770
252.482447 454.705764
252.482449 454.705680
252.482521 454.705660
252.482736 454.704847
252.484382 454.702639
252.484382 454.702450
252.484382 454.702442
252.484382 454.702380
252.484419 454.702226
252.484438 454.699385
252.484449 454.695917
252.484490 454.681309
252.484501 454.654775
252.484502 454.652690
252.484502 454.647858
252.484502 454.645990
252.485189 454.645873
252.485966 454.645844
252.486120 454.645830
252.486451 454.641049
252.486483 454.641037
252.486484 454.641035
252.486485 454.641032
252.486487 454.641031
252.486556 454.641011
252.486621 454.634710
252.486625 454.634411
252.486688 454.634303
252.486780 454.633148
252.486929 454.624390
252.528584 454.521528
252.541102 454.406179
252.543422 454.333986
252.601749 454.315605
252.631047 454.310111
252.631062 454.301164
252.661714 454.294500
252.664845 454.290998
252.668762 454.279439
252.669413 454.202309
252.673602 454.184126
252.683044 454.161531
252.684207 454.160638
252.690178 454.140270
252.695198 454.107840
252.701789 454.096253
252.722874 454.065245
252.733284 454.060314
252.737425 454.059871
252.739998 454.059829
252.740668 454.059828
252.744176 454.059099
252.748222 454.059019
252.753879 454.059010
252.758422 454.058935
252.764790 454.058922
252.766037 454.058587
252.767915 454.058576
252.779411 454.058566
252.779447 454.058564
252.779759 454.058564
252.779871 454.058562
252.779888 454.058562
252.779895 454.058562
252.779910 454.058562
252.780051 454.058521
252.780057 454.058509
252.780098 454.058469
252.780379 454.058263
252.782657 454.058254
252.790567 454.056218
252.791163 454.055774
252.792956 454.055213
252.793209 454.055128
252.793301 454.055045
252.794374 454.055023
252.795591 454.054681
252.796578 454.054335
252.796675 454.054206
252.796867 454.054177
252.797185 454.054165
252.797347 454.052776
252.799246 454.051798
252.799250 454.050335
252.799257 454.049444
252.799260 454.049360
252.799287 454.048899
252.799291 454.048159
252.799306 454.047926
252.799497 454.046723
252.801098 454.036310
252.804277 454.035717
252.811789 454.034545
252.824464 454.033637
252.825290 454.033357
252.827236 454.033036
252.828845 454.032122
252.832193 454.031679
252.832218 454.031678
252.832234 454.031637
252.832416 454.031615
252.888872 454.023851
253.049301 454.017885
253.059315 454.014232
253.059321 454.013359
253.059356 454.013038
253.059399 454.010002
253.063534 454.006772
253.063858 453.999587
253.065908 453.993879
253.070482 453.993006
253.070698 453.990968
253.074858 453.990142
253.090796 453.989389
253.099003 453.989138
253.118754 453.989104
253.149554 453.989023
253.150587 453.988961
253.153742 453.988729
253.158693 453.988011
253.163956 453.987469
253.175826 453.986966
253.195743 453.986904
253.198268 453.986630
253.202592 453.985430
253.209970 453.983843
253.233211 453.983628
253.237536 453.983285
253.238204 453.982258
253.239920 453.981602
253.243640 453.980368
253.247768 453.979950
253.250517 453.978823
253.269672 453.974973
253.280325 453.974813
253.281362 453.974778
253.281371 453.974764
253.281385 453.974756
253.281568 453.974713
253.281580 453.974662
253.281581 453.974503
253.281582 453.974466
253.281607 453.974464
253.281619 453.974464
253.281623 453.974463
253.281639 453.974463
253.281722 453.974422
253.281908 453.973823
253.281950 453.973776
253.281955 453.973679
253.281958 453.973640
253.281963 453.973597
253.282087 453.973516
253.282222 453.973513
253.282931 453.973497
253.283792 453.973497
253.283798 453.973497
253.283822 453.973497
253.283829 453.973497
253.283839 453.973497
253.283839 453.973497
253.284246 453.973497
253.286022 453.973496
253.286028 453.973496
253.286260 453.973496
253.286478 453.973496
253.286624 453.973496
253.286679 453.973496
253.286781 453.973496
253.286860 453.973496
253.286868 453.973496
253.287053 453.973496
253.287077 453.973495
253.288055 453.973495
253.288216 453.973495
253.288238 453.973495
253.288238 453.973494
253.288239 453.973494
253.288240 453.973494
253.288245 453.973494
253.288256 453.973494
253.288258 453.973494
253.288266 453.973494
253.288347 453.973493
253.289810 453.973493
253.291423 453.973465
253.293907 453.973282
253.306308 453.973037
253.306309 453.972731
253.306310 453.972260
253.306313 453.972187
253.306314 453.972108
253.306317 453.972043
253.306325 453.972031
253.306333 453.971972
253.306379 453.971954
253.306400 453.971927
253.306407 453.971749
253.306425 453.971552
253.306517 453.971462
253.327733 453.966545
253.328457 453.966434
253.328458 453.966142
253.328468 453.966138
253.328470 453.966133
253.328493 453.966124
253.335187 453.965726
253.335368 453.965142
253.335727 453.965067
253.335734 453.964849
253.335952 453.964374
253.336608 453.964316
253.336781 453.963769
253.337162 453.963616
253.337170 453.962302
253.337362 453.962167
253.337427 453.961724
253.338343 453.961631
253.338373 453.961074
253.339679 453.961020
253.339716 453.961017
253.340057 453.961012
253.340483 453.960948
253.341846 453.960574
253.341899 453.958305
253.342141 453.949469
253.344112 453.947909
253.345739 453.947191
253.345757 453.946891
253.345775 453.946530
253.345960 453.943327
253.345960 453.943327
253.345960 453.943324
253.345960 453.943323
253.345965 453.943322
253.345966 453.943322
253.345966 453.943292
253.345969 453.943235
253.345979 453.943202
253.345984 453.943187
253.346023 453.943068
253.346044 453.943037
253.346105 453.942969
253.346109 453.942969
253.346109 453.942968
253.346138 453.942832
253.346143 453.942773
253.346161 453.942641
253.346230 453.942579
253.346407 453.942564
253.346476 453.942518
253.346860 453.942506
253.347294 453.942478
253.347739 453.942467
253.347990 453.942275
253.348097 453.934626
253.349338 453.930082
253.353634 453.928361
253.355092 453.927355
253.359956 453.926265
253.360721 453.926139
253.362527 453.925752
253.529344 453.923525
253.539076 453.920372
253.539249 453.883095
253.541542 453.869873
253.541547 453.851404
253.541795 453.749517
253.541824 453.725882
253.541855 453.706329
253.542048 453.674779
253.542783 453.667762
253.542783 453.665674
253.543043 453.656832
253.544180 453.655734
253.544549 453.652734
253.547331 453.645794
253.547587 453.643798
253.548229 453.641606
253.548259 453.638611
253.548999 453.635525
253.592302 453.635358
253.620075 453.635293
253.625362 453.618787
253.629640 453.602920
253.630842 453.509897
253.635321 453.254366
254.116627 453.022663
254.116895 453.022442
254.116919 453.022150
254.117113 453.019280
254.117311 453.018410
254.117388 453.015154
254.117403 453.013634
254.117435 453.013301
254.117511 453.013225
254.117647 453.000103
254.119048 452.935377
254.120112 452.928789
254.120130 452.927642
254.130325 452.916932
254.169786 452.884359
254.170724 452.873181
254.217016 452.872477
254.238449 452.863181
254.265285 452.859293
254.334503 452.859101
254.494782 452.859021
254.498378 452.089232
254.501145 446.857169
254.501181 444.530836
254.501263 442.881379
254.501283 442.871185
254.501298 442.870545
254.501299 442.868505
254.501336 442.868428
254.501340 442.867037
254.501346 442.862121
254.501346 442.862119
254.501346 442.857475
254.501347 442.855532
254.501349 442.851785
254.501362 442.851028
254.501369 442.849855
254.501370 442.849627
254.501374 442.848613
254.501391 442.848383
254.501503 442.846801
254.501521 442.845948
254.501761 442.737597
254.501856 442.566627
254.502718 438.375121
254.502841 433.563651
254.511718 427.012667
254.513023 383.116541
254.513353 382.919635
254.513379 382.918625
254.513841 382.918392
254.513941 382.918374
254.514195 382.918215
254.514640 382.917942
254.514719 382.904539
254.514747 382.899641
254.514808 382.895791
254.515995 380.729857
254.516026 377.172460
255.075922 376.982548
255.440616 376.885384
255.910991 376.760963
255.983746 376.732851
256.233820 376.594339
256.239619 375.822339
256.282964 374.563446
256.294773 374.322753
256.300992 374.286394
256.308019 374.256261
256.312585 374.214989
256.318909 374.161429
256.336623 373.365347
256.336969 373.265581
256.343792 372.011481
256.346862 369.417840
256.395863 369.337842
256.395908 369.330213
256.395972 369.327543
256.395996 369.320341
256.396598 369.316064
256.402856 369.296281
256.411429 369.287228
256.425112 369.157863
256.432809 368.538216
256.434047 368.538193
256.434119 368.537213
256.434361 368.537199
256.437794 368.537188
256.447323 368.535045
256.447324 368.534863
256.447324 368.534196
256.447324 368.533204
256.447347 368.531275
256.447349 368.531274
256.447365 368.531271
256.447378 368.531232
256.459258 368.531227
256.460505 368.531214
256.461501 368.531213
256.461946 368.531182
256.462832 368.531181
256.463096 368.531181
256.463524 368.531180
256.466115 368.530710
256.466164 368.530684
256.466437 368.530671
256.466527 368.530671
256.466529 368.530671
256.466535 368.530670
256.466581 368.530670
256.466843 368.530669
256.466845 368.530667
256.466845 368.530467
256.466845 368.530448
256.466845 368.530442
256.466845 368.530441
256.466845 368.530440
256.466845 368.530432
256.466847 368.530382
256.466847 368.530356
256.466847 368.530284
256.466847 368.530149
256.466847 368.530139
256.466852 368.529939
256.466852 368.529935
256.466853 368.529932
256.466854 368.529931
256.466856 368.529928
256.466856 368.529928
256.466856 368.529928
256.466856 368.529754
256.466931 368.529682
256.467367 368.529679
256.468128 368.529675
256.468649 368.529671
256.468652 368.529671
256.468813 368.529669
256.469010 368.529646
256.469081 368.529640
256.469795 368.529627
256.470524 368.529615
256.470527 368.529614
256.470528 368.529614
256.470528 368.529614
256.470528 368.529613
256.470529 368.529613
256.470529 368.529613
256.470530 368.529613
256.470530 368.529612
256.470531 368.529612
256.470531 368.529612
256.470550 368.529612
256.470550 368.529612
256.470550 368.529610
256.470550 368.529609
256.470550 368.529608
256.470550 368.529607
256.470550 368.529601
256.470551 368.529599
256.470551 368.529595
256.470551 368.529595
256.470551 368.529595
256.470551 368.529594
256.470551 368.529594
256.470551 368.529594
256.470551 368.529594
256.470555 368.529577
256.470583 368.529555
256.470583 368.529499
256.470583 368.529494
256.470583 368.529492
256.470583 368.529490
256.470583 368.529486
256.470583 368.529486
256.470583 368.529482
256.470583 368.529480
256.470583 368.529478
256.470583 368.529383
256.470583 368.529378
256.470583 368.529327
256.470583 368.529294
256.470583 368.529292
256.470583 368.529276
256.470583 368.529265
256.470584 368.529228
256.470585 368.529222
256.470585 368.529201
256.470585 368.529198
256.470585 368.529196
256.470585 368.529193
256.470585 368.529190
256.470585 368.529188
256.470585 368.529174
256.470585 368.529157
256.470585 368.529128
256.470585 368.529112
256.470586 368.529058
256.470586 368.529004
256.486153 368.297806
256.495737 368.292274
256.497047 368.289108
256.538375 368.286719
256.539918 368.278774
256.542377 368.271895
256.544850 368.265953
256.545076 368.265919
256.545424 368.265839
256.545424 368.265839
256.545443 368.265839
256.545544 368.265838
256.545765 368.265800
256.545859 368.265798
256.545901 368.265796
256.545901 368.265793
256.545902 368.265793
256.545902 368.265792
256.545912 368.265784
256.545913 368.265772
256.545913 368.265772
256.545914 368.265766
256.545917 368.265763
256.560427 368.265756
256.561043 368.265728
256.569201 368.265693
256.569275 368.265482
256.569403 368.265481
256.569462 368.265447
256.570843 368.265442
256.572377 368.265442
256.573318 368.265434
256.573407 368.265339
256.573511 368.265339
256.573585 368.265338
256.573614 368.265297
256.573745 368.265286
256.573896 368.265254
256.574506 368.265245
256.574975 368.265225
256.574976 368.265193
256.579169 368.265180
256.592249 368.265179
256.593248 368.265028
256.596140 368.264844
256.597348 368.264656
256.597415 368.264453
256.597495 368.263908
256.597640 368.263882
256.598236 368.263567
256.599146 368.263261
256.599154 368.263110
256.599165 368.263094
256.602303 368.263085
256.616526 368.263085
256.616875 368.262672
256.632349 368.261641
256.653267 368.223861
256.656512 368.209563
256.656916 368.204813
256.658526 368.188687
256.659142 368.177759
256.659620 368.170366
256.675536 368.163109
256.678964 368.138547
256.679078 368.126444
256.679139 368.105141
256.679812 368.099155
256.679914 368.099134
256.680191 368.099122
256.680364 368.099091
256.680471 368.099054
256.682749 368.098791
256.682768 368.097322
256.682838 368.092892
256.683103 368.092861
256.683128 368.092861
256.683134 368.092856
256.683144 368.092801
256.683158 368.092758
256.683334 368.092653
256.683424 368.092614
256.683450 368.091410
256.683610 368.090993
256.683671 368.089829
256.683831 368.088751
256.683851 368.088732
256.683851 368.088716
256.683852 368.088695
256.683855 368.088681
256.683856 368.088681
256.683864 368.088678
256.683865 368.088677
256.683894 368.088673
256.683895 368.088645
256.683898 368.088635
256.683899 368.088629
256.683903 368.088623
256.683904 368.088611
256.683908 368.088552
256.683909 368.088552
256.683909 368.088552
256.683909 368.088518
256.683910 368.088515
256.683919 368.088416
256.683942 368.088415
256.683946 368.088330
256.683949 368.088312
256.683950 368.088174
256.684019 368.088036
256.684023 368.088036
256.684026 368.088036
256.684027 368.088036
256.684030 368.088036
256.684030 368.088036
256.684032 368.088036
256.684037 368.088036
256.684047 368.088036
256.684048 368.088011
256.684048 368.087956
256.684050 368.087945
256.684072 368.085761
256.684072 368.085713
256.684072 368.085670
256.684072 368.085639
256.684072 368.085587
256.684072 368.085435
256.684072 368.084962
256.684072 368.084887
256.684072 368.084749
256.684072 368.084303
256.684072 368.083283
256.684072 368.083190
256.684072 368.083085
256.684072 368.083039
256.684072 368.083032
256.684072 368.082765
256.684079 368.081687
256.684079 368.081603
256.684080 368.081600
256.684080 368.081598
256.684117 368.081054
256.684136 368.080999
256.684311 368.080983
256.684690 368.080599
256.684832 368.080560
256.685170 368.080553
256.685232 368.080548
256.685236 368.080540
256.685253 368.080535
256.685264 368.080524
256.685348 368.080523
256.685367 368.080510
256.685632 368.078576
256.686231 368.075160
256.686231 368.074948
256.686239 368.074465
256.686240 368.073857
256.686543 368.073447
256.687656 368.068508
256.688007 368.067655
256.688007 368.067652
256.688007 368.067650
256.688007 368.067648
256.688007 368.067643
256.688007 368.067643
256.688007 368.067643
256.688007 368.067643
256.688007 368.067643
256.688007 368.067626
256.688007 368.067566
256.688007 368.067562
256.688007 368.067546
256.688007 368.067543
256.688007 368.067536
256.688007 368.067154
256.688011 368.066281
256.688011 368.066273
256.688011 368.066189
256.688012 368.065828
256.688013 368.065773
256.688013 368.065773
256.688013 368.065773
256.688013 368.065773
256.688013 368.065773
256.688015 368.063476
256.688015 368.063301
256.688015 368.062468
256.688015 368.062165
256.688044 368.062069
256.688054 368.061908
256.688106 368.061368
256.688219 368.040477
256.688229 368.038048
256.688323 368.036340
256.688326 368.036335
256.688331 368.036334
256.688333 368.036315
256.688333 368.036248
256.688341 368.036231
256.688360 368.036227
256.688364 368.036217
256.688371 368.036189
256.688413 368.026173
256.688445 368.025444
256.688446 368.023884
256.688518 368.017925
256.688724 368.017842
256.688754 368.017787
256.688780 368.017769
256.688787 368.017754
256.688804 368.017748
256.688849 368.017395
256.688892 368.017373
256.688893 368.015903
256.688899 368.014815
256.688905 368.014397
256.688905 368.013585
256.690926 368.008279
256.691578 368.008197
256.692068 368.008155
256.692074 368.008150
256.692078 368.008141
256.692080 368.008135
256.692116 368.008130
256.692116 368.008130
256.692117 368.008130
256.692120 368.008130
256.692125 368.008130
256.692132 368.008130
256.692149 368.008130
256.692150 368.008129
256.692151 368.008129
256.692153 368.008127
256.692154 368.008125
256.692292 368.008124
256.692298 368.008124
256.692304 368.008124
256.692311 368.008124
256.692318 368.008123
256.692346 368.008123
256.692360 368.008123
256.692373 368.008123
256.692375 368.008123
256.692376 368.008123
256.692376 368.008123
256.692378 368.008123
256.692379 368.008123
256.692448 368.008123
256.692462 368.008123
256.692612 368.008123
256.692613 368.008121
256.692618 368.008121
256.692624 368.008119
256.692628 368.008118
256.692633 368.008118
256.692641 368.008078
256.692643 368.008045
256.692645 368.008040
256.692657 368.008040
256.692657 368.008024
256.692660 368.008017
256.692663 368.008017
256.692663 368.008014
256.692664 368.008010
256.692668 368.007922
256.692689 368.007717
256.692689 368.007717
256.692689 368.007717
256.692689 368.007712
256.692689 368.007712
256.692689 368.007712
256.692689 368.007712
256.692689 368.007712
256.692689 368.007712
256.692689 368.007711
256.692689 368.007710
256.692691 368.007709
256.692695 368.007708
256.692704 368.007705
256.692712 368.007704
256.692712 368.007702
256.692713 368.007699
256.692713 368.007697
256.692714 368.007687
256.692714 368.007653
256.692715 368.007645
256.692719 368.007621
256.692720 368.007607
256.692721 368.007588
256.692864 368.007571
256.692869 368.007557
256.692872 368.007552
256.692873 368.007549
256.692873 368.007543
256.692873 368.007541
256.692873 368.007539
256.692878 368.007515
256.692882 368.007514
256.692886 368.007499
256.692887 368.007495
256.692889 368.007493
256.692889 368.007491
256.692890 368.007490
256.692890 368.007490
256.692890 368.007490
256.692890 368.007490
256.692890 368.007490
256.692890 368.007490
256.692890 368.007490
256.692890 368.007490
256.692890 368.007490
256.692890 368.007490
256.692890 368.007490
256.692890 368.007490
256.692891 368.007490
256.692891 368.007490
256.692891 368.007489
256.692891 368.007488
256.692919 368.007482
256.692921 368.007482
256.692924 368.007482
256.692925 368.007482
256.692925 368.007482
256.692928 368.007482
256.692929 368.007482
256.692930 368.007482
256.692935 368.007482
256.692936 368.007482
256.692936 368.007482
256.692936 368.007482
256.692936 368.007482
256.692937 368.007482
256.692937 368.007482
256.692944 368.007482
256.692946 368.007481
256.692947 368.007480
256.692948 368.007478
256.692951 368.007477
256.692951 368.007477
256.692951 368.007477
256.693069 368.007477
256.693079 368.007477
256.693088 368.007477
256.693352 368.005479
256.693636 367.998390
256.693820 367.997523
256.693846 367.994522
256.693881 367.993828
256.693881 367.993826
256.693882 367.993825
256.693882 367.993822
256.693883 367.993774
256.693883 367.993773
256.693883 367.993773
256.693883 367.993768
256.693883 367.993766
256.693883 367.993761
256.693888 367.991713
256.693899 367.991713
256.693959 367.991680
256.693965 367.991679
256.693968 367.991677
256.693968 367.991675
256.693968 367.991675
256.693968 367.991674
256.693969 367.991673
256.693973 367.991673
256.693987 367.991673
256.693993 367.991673
256.693997 367.991658
256.694000 367.991654
256.694005 367.991649
256.694040 367.991644
256.694041 367.991644
256.694043 367.991643
256.694047 367.991643
256.694050 367.991643
256.694055 367.991643
256.694056 367.991642
256.694057 367.991642
256.694059 367.991599
256.694060 367.991581
256.694065 367.991495
256.694067 367.991408
256.694067 367.991402
256.694067 367.991400
256.694067 367.991395
256.694067 367.991395
256.694067 367.991395
256.694068 367.991395
256.694068 367.991394
256.694070 367.991390
256.694092 367.991388
256.694099 367.991382
256.694102 367.991376
256.694102 367.991372
256.694103 367.991363
256.694104 367.991358
256.694105 367.991357
256.694106 367.991354
256.694106 367.991351
256.694116 367.991347
256.694116 367.991344
256.694119 367.991342
256.694120 367.991340
256.694121 367.991338
256.694126 367.991334
256.694128 367.991266
256.694129 367.991174
256.694347 367.991160
256.694430 367.991054
256.694546 367.991000
256.694682 367.990886
256.694779 367.990830
256.694794 367.990692
256.694803 367.990495
256.694803 367.990491
256.694812 367.990459
256.694812 367.990458
256.694816 367.990457
256.694816 367.990448
256.694830 367.990337
256.694831 367.990337
256.694831 367.990335
256.694836 367.990332
256.694838 367.990275
256.694839 367.990273
256.694840 367.990265
256.694842 367.990263
256.694851 367.990255
256.694853 367.990253
256.694853 367.990244
256.694859 367.990244
256.694859 367.990242
256.694859 367.990242
256.694859 367.990233
256.694859 367.990229
256.694859 367.990226
256.694859 367.990224
256.694859 367.990219
256.694859 367.990215
256.694859 367.990211
256.694868 367.990147
256.694872 367.990134
256.694932 367.990113
256.695109 367.990109
256.695125 367.990108
256.695126 367.990094
256.695134 367.990061
256.695236 367.989989
256.695238 367.989978
256.695328 367.989932
256.695363 367.989920
256.695387 367.989920
256.695408 367.989917
256.695413 367.989905
256.695415 367.989892
256.695432 367.989878
256.695443 367.989868
256.695445 367.989866
256.695446 367.989835
256.695459 367.989826
256.695469 367.989807
256.695472 367.989803
256.695482 367.989791
256.695502 367.989790
256.695514 367.989788
256.695514 367.989784
256.695515 367.989783
256.695515 367.989779
256.695516 367.989779
256.695517 367.989772
256.695522 367.989771
256.695541 367.989771
256.695639 367.989504
256.695688 367.989490
256.696564 367.989420
256.698410 367.989320
256.698625 367.989190
256.698641 367.989184
256.698775 367.989138
256.698784 367.989101
256.698794 367.989046
256.698810 367.988942
256.698937 367.988857
256.698973 367.988807
256.698977 367.988787
256.699015 367.988759
256.699024 367.988742
256.699059 367.988737
256.699095 367.988699
256.699257 367.988477
256.700285 367.988264
256.700586 367.988052
256.700684 367.987992
256.700819 367.987989
256.700871 367.987988
256.700880 367.987987
256.700887 367.987987
256.700939 367.987987
256.700946 367.987987
256.700957 367.987987
256.700961 367.987987
256.700967 367.987987
256.700973 367.987987
256.700996 367.987932
256.701129 367.987928
256.701212 367.987892
256.701230 367.987891
256.701237 367.987891
256.701239 367.987891
256.701241 367.987891
256.701242 367.987890
256.701247 367.987889
256.701253 367.987889
256.701256 367.987888
256.701259 367.987887
256.701259 367.987886
256.701259 367.987885
256.701260 367.987884
256.701260 367.987878
256.701260 367.987878
256.701260 367.987875
256.701278 367.987864
256.701289 367.987861
256.701297 367.987854
256.701347 367.987754
256.701362 367.987642
256.701370 367.987641
256.701382 367.987641
256.701431 367.987641
256.701431 367.987641
256.701431 367.987640
256.701431 367.987640
256.701448 367.987640
256.701450 367.987640
256.701452 367.987640
256.701690 367.986921
256.703458 367.986915
256.703561 367.986914
256.704396 367.986822
256.704460 367.986813
256.704763 367.986808
256.704780 367.986803
256.704782 367.986802
256.704809 367.986801
256.704811 367.986757
256.705029 367.986735
256.705696 367.986730
256.707995 367.986729
256.708220 367.986724
256.708578 367.986719
256.709022 367.986690
256.709031 367.986688
256.709035 367.986685
256.709043 367.986683
256.709044 367.986682
256.709044 367.986682
256.709061 367.986681
256.709064 367.986656
256.709064 367.986654
256.709067 367.986654
256.709068 367.986654
256.709069 367.986654
256.709069 367.986653
256.709069 367.986653
256.709989 367.986614
256.711510 367.986603
256.714356 367.986603
256.714393 367.986555
256.714782 367.986343
256.715107 367.986337
256.715599 367.986337
256.715720 367.986313
256.716278 367.984400
256.716953 367.984333
256.717464 367.984325
256.717483 367.984276
256.717534 367.984276
256.717562 367.984272
256.717620 367.984261
256.717620 367.984261
256.717674 367.984231
256.717705 367.984187
256.717821 367.984159
256.717933 367.983907
256.718429 367.983897
256.742657 367.824329
256.743597 367.756879
256.743600 367.756876
256.743601 367.756779
256.743601 367.756771
256.743616 367.756771
256.743633 367.756770
256.743635 367.756761
256.743662 367.756758
256.743679 367.756736
256.743679 367.756736
256.743681 367.756736
256.743682 367.756735
256.743705 367.756735
256.743722 367.756734
256.743761 367.756391
256.743788 367.756255
256.744082 367.755866
256.744088 367.755861
256.744089 367.755859
256.744313 367.755858
256.744319 367.755856
256.744322 367.755850
256.744322 367.755849
256.744323 367.755847
256.744332 367.755847
256.744343 367.755847
256.744352 367.755845
256.744362 367.755845
256.744365 367.755844
256.744367 367.755844
256.744477 367.755792
256.744579 367.755758
256.744816 367.755758
256.744930 367.755755
256.744995 367.755753
256.744996 367.755752
256.745046 367.755752
256.745211 367.755752
256.745284 367.755633
256.745350 367.755553
256.745463 367.755547
256.746021 367.754685
256.746021 367.754685
256.746021 367.754685
256.746022 367.754685
256.746023 367.754685
256.746023 367.754685
256.746023 367.754685
256.746024 367.754685
256.746025 367.754685
256.746029 367.754685
256.746135 367.754685
256.746248 367.754685
256.747222 367.754684
256.747285 367.754684
256.747306 367.754684
256.747308 367.754684
256.747308 367.754684
256.747308 367.754684
256.747308 367.754684
256.747309 367.754684
256.747310 367.754684
256.747315 367.754684
256.747316 367.754684
256.747325 367.754684
256.747326 367.754684
256.747326 367.754684
256.747327 367.754684
256.747328 367.754684
256.747330 367.754684
256.747330 367.754684
256.747330 367.754684
256.747330 367.754684
256.747330 367.754684
256.747338 367.754684
256.747355 367.754684
256.747356 367.754684
256.747364 367.754684
256.747411 367.754684
256.747426 367.754684
256.747433 367.754684
256.747547 367.754684
256.747547 367.754684
256.747547 367.754684
256.747548 367.754684
256.747550 367.754684
256.747583 367.754684
256.747585 367.754684
256.747587 367.754684
256.747716 367.754684
256.747911 367.754684
256.747919 367.754684
256.747920 367.754684
256.747920 367.754684
256.747920 367.754684
256.747920 367.754684
256.747920 367.754684
256.747920 367.754684
256.747921 367.754684
256.747924 367.754684
256.747929 367.754684
256.747933 367.754684
256.747937 367.754684
256.748140 367.754684
256.748141 367.754684
256.748142 367.754684
256.748143 367.754684
256.748143 367.754684
256.748190 367.754684
256.748194 367.754684
256.748204 367.754684
256.748205 367.754684
256.748205 367.754684
256.748205 367.754684
256.748205 367.754684
256.748205 367.754684
256.748205 367.754684
256.748205 367.754684
256.748205 367.754684
256.748205 367.754684
256.748205 367.754684
256.748205 367.754684
256.748205 367.754684
256.748498 367.754684
256.749548 367.754684
256.749549 367.754137
256.749553 367.753966
256.749554 367.753641
256.749555 367.753323
256.749557 367.752499
256.749557 367.751631
256.749558 367.751590
256.749572 367.751573
256.749599 367.751491
256.749609 367.751448
256.749609 367.751288
256.749609 367.750337
256.749610 367.750324
256.749611 367.750257
256.749611 367.749703
256.749611 367.749326
256.749611 367.749232
256.749612 367.749051
256.749613 367.748870
256.749614 367.748653
256.749614 367.748288
256.749616 367.747230
256.749629 367.743960
256.749636 367.743098
256.749650 367.740413
256.749652 367.740360
256.749653 367.740331
256.749657 367.740280
256.749665 367.735070
256.749666 367.734990
256.749668 367.734833
256.749669 367.734796
256.749671 367.734295
256.749672 367.731197
256.749677 367.728047
256.749689 367.723720
256.749689 367.723675
256.749691 367.722375
256.749700 367.721189
256.749706 367.720773
256.749715 367.720146
256.749715 367.720083
256.749716 367.719886
256.749716 367.719851
256.749717 367.719702
256.749717 367.719641
256.749721 367.719501
277.289575 354.195150
277.370385 354.082279
277.397222 354.067638
277.400423 354.044201
277.405753 354.040445
277.408515 353.952298
277.587463 353.906248
277.658666 353.906196
277.684876 353.839255
278.239476 353.633578
278.501470 353.587822
281.236746 353.267876
281.273491 352.282474
281.322357 350.684418
281.703859 350.672546
285.914837 350.644417
301.980219 350.619371
307.352729 350.618300
319.901643 350.230350
350.311588 342.609178
402.246522 333.416074
417.756350 326.294495
437.423288 326.268526
437.425960 326.240780
437.620660 326.237072
437.658499 326.235687
438.170000 319.274605
438.412386 317.006505
448.905406 315.238201
459.612504 311.504271
570.942809 311.469847
571.618118 309.116710
576.667224 306.558769
578.548598 306.067637
582.155080 306.066413
582.797588 304.928012
594.536973 302.910267
614.177512 302.288777
614.769468 302.183694
614.782684 302.166084
614.783608 302.160392
614.784158 302.159068
637.374109 299.991558
642.139604 299.433520
662.424504 291.360958
668.406165 280.295420
669.544344 237.388959
682.950736 198.808112
698.768267 194.741820
742.957950 145.526400
749.083796 138.957384
749.137645 137.888297
749.290399 137.562911
793.910478 137.558171
826.830063 137.488947
827.116242 97.773059
827.168491 97.416562
827.405870 96.869276
831.807005 96.753513
832.385094 96.544115
839.431105 96.178451
913.066742 52.711422
916.085086 52.674058
923.650917 52.548430
928.984934 52.536160
929.047177 52.533194
929.080284 52.531652
929.193228 52.531160
929.193839 52.515688
931.639955 52.514962
942.232548 52.497991
966.350431 52.391057
967.494727 51.440555
967.964752 51.046288
967.969960 50.126798
968.215595 47.111774
968.394193 46.442991
968.488007 46.254812
968.506101 45.950633
968.515904 45.923855
968.522664 45.847592
968.524025 45.805465
968.975833 45.399646
972.900444 44.626784
974.266555 43.971926
999.765446 43.693904
999.827497 41.918968
999.877989 30.641326
999.912888 13.840764
999.918637 13.694091
999.926705 13.537300
999.928539 13.174457
999.948770 12.880668
999.948899 9.707300
