2000.000000 2.000000
0.106489 999.992187
0.109210 999.989376
0.113713 999.989184
0.263415 999.887250
1.632098 999.886414
1.803271 999.884607
2.140705 999.828095
7.644967 999.826555
7.730929 999.738309
7.768872 999.738120
7.775172 999.737542
7.824450 999.736905
21.998344 999.393013
22.038386 999.391295
22.038928 999.390519
22.040528 999.390502
22.041050 999.390483
22.043843 999.390147
22.358447 999.389856
22.765293 999.389420
22.865289 999.388912
22.882862 999.388635
22.885519 999.388618
22.887809 999.388610
22.890765 999.388598
22.894633 999.388586
22.895162 999.387924
22.895730 999.386997
22.895740 999.386828
22.895764 999.386511
22.895778 999.386452
22.895811 999.386107
22.897996 999.385860
22.898097 999.382992
22.898149 999.377660
22.898165 999.377385
22.898169 999.375763
22.898169 999.374952
22.898781 999.370376
22.899762 999.370283
22.900432 999.370022
22.900630 999.366947
22.900846 999.365790
22.901306 999.365091
22.901701 999.362613
22.909540 999.354274
22.909607 999.353456
22.910022 999.352502
22.910283 999.352320
22.910695 999.352275
22.910696 999.352275
22.910729 999.352258
22.910935 999.352159
22.911016 999.352023
22.911034 999.351645
22.912255 999.351499
22.912902 999.349433
22.913671 999.349388
22.915716 999.349100
22.916537 999.349093
22.917228 999.349093
22.919744 999.348952
22.932002 999.348910
22.937958 999.348887
22.956047 999.348853
22.969700 999.348833
22.973948 999.348832
22.974014 999.348829
22.975698 999.348828
22.976453 999.348828
22.976549 999.348828
22.976587 999.348828
22.976767 999.348826
22.976842 999.348825
22.976960 999.348819
22.977372 999.348811
23.004857 999.348805
23.118417 999.346678
57.752208 999.332734
73.113075 999.332077
73.119182 999.330476
73.120905 999.330407
73.129942 999.330341
73.147947 999.329573
73.152330 999.329385
73.155718 999.328929
73.155731 999.328138
73.156325 999.327871
73.165099 999.327547
73.179920 999.327387
73.183509 999.327376
73.194161 999.327223
73.195175 999.327165
73.195592 999.327137
73.217201 999.327136
73.237879 999.327112
73.286778 999.089247
73.287126 999.087759
73.287247 999.080814
73.287374 999.067282
73.289373 999.060509
73.289374 999.058365
73.289379 999.015043
73.289380 999.006817
73.289380 999.006777
73.289380 998.995429
73.289429 998.995297
73.290216 998.993400
73.290563 998.993286
73.290957 998.992440
73.291208 998.992003
73.291525 998.991051
73.293551 998.984017
73.294209 998.980192
73.294327 998.979839
73.294328 998.979379
73.294334 998.979202
73.294402 998.978868
73.295254 998.976573
73.295540 998.975673
73.295643 998.975470
73.295669 998.974812
73.296055 998.974510
73.296499 998.974481
73.297168 998.973047
73.297585 998.970654
73.298528 998.969536
73.298664 998.969474
73.299140 998.969466
73.299150 998.969466
73.299176 998.969465
73.300114 998.969376
73.300127 998.969243
73.301056 998.969243
73.301542 998.969243
73.302246 998.969243
73.302621 998.969243
73.302723 998.969243
73.303861 998.969242
73.303945 998.969242
73.307828 998.969240
73.307830 998.969240
73.307880 998.969240
73.316901 998.969240
73.317915 998.969240
73.320277 998.969239
73.321407 998.969239
73.321489 998.969041
73.321540 998.969021
73.321559 998.969019
73.321729 998.968859
73.322524 998.968686
73.322772 998.968671
73.322984 998.968660
73.324216 998.968659
73.325827 998.968652
73.325828 998.968623
73.325830 998.968618
73.325860 998.968577
73.326176 998.968563
73.326254 998.968557
73.328525 998.966078
73.328719 998.965921
73.329640 998.965330
73.331633 998.965034
73.333374 998.962954
73.334809 998.942672
73.336928 998.941480
73.343900 998.941328
73.350015 998.939772
73.370123 998.939650
73.391310 998.939113
73.391411 998.939018
73.391573 998.938997
73.391820 998.938988
73.392696 998.938928
73.392698 998.938927
73.392698 998.938907
73.392698 998.938886
73.392699 998.938884
73.392699 998.938884
73.392704 998.938884
73.392709 998.938880
73.392709 998.938853
73.392709 998.938840
73.392710 998.938828
73.392712 998.938809
73.392713 998.937400
73.392761 998.937183
73.392786 998.936970
73.392789 998.936969
73.392790 998.936966
73.392793 998.936961
73.392794 998.936266
73.392851 998.936265
73.392852 998.936265
73.392852 998.936265
73.392870 998.936265
73.392980 998.936263
73.393200 998.936252
73.393237 998.936220
73.393284 998.935088
73.393417 998.934982
73.396128 998.934535
73.400128 998.928101
73.400339 998.926318
73.400365 998.926259
73.400417 998.926200
73.400462 998.926175
73.400477 998.926147
73.400481 998.926144
73.400482 998.926095
73.400483 998.926090
73.400546 998.926063
73.400640 998.926062
73.400709 998.926059
73.400732 998.926020
73.401032 998.925808
73.401108 998.925618
73.401547 998.925566
73.829775 998.917686
73.898278 998.917508
73.945562 998.906713
73.976537 998.906326
73.976833 998.905910
73.986869 998.905838
73.998865 998.905233
74.002103 998.904754
74.065846 998.904421
74.230882 998.904247
74.235684 998.903963
74.237522 998.903631
74.277972 998.903373
74.291348 998.902994
74.336176 998.902961
74.344671 998.902908
74.347183 998.902903
74.367005 998.902802
74.390687 998.902750
74.392689 998.902750
74.395070 998.902749
74.397111 998.902739
74.402285 998.902737
74.516382 998.902316
74.518093 998.902262
74.523895 998.902135
74.523925 998.901877
74.526578 998.901606
74.526760 998.901606
74.526906 998.901605
74.536914 998.901603
74.537655 998.901601
74.539055 998.901601
74.540576 998.901601
74.544751 998.901298
74.545124 998.901285
74.756217 998.894840
74.761347 998.894735
74.779643 998.894668
74.785293 998.894282
74.869210 998.892919
75.219024 998.892649
75.301804 998.892621
75.319012 998.892379
75.715960 998.892324
75.730690 998.892271
75.733253 998.892270
75.740580 998.891572
75.753336 998.890954
75.759695 998.890734
75.760323 998.890499
75.836310 998.890458
75.868475 998.890367
75.890109 998.890251
75.890566 998.890192
75.890851 998.889958
75.891981 998.889947
75.893106 998.889925
75.893696 998.889866
75.893780 998.889844
75.894209 998.889832
75.894742 998.889825
75.894819 998.889824
75.894899 998.889816
75.895944 998.889775
75.897242 998.889741
75.897326 998.889738
75.897327 998.889736
75.897328 998.889729
75.898201 998.889718
75.899138 998.889653
75.903937 998.677874
75.927441 998.650451
76.069579 998.639574
76.111121 998.612597
76.421738 998.599204
76.983088 998.591451
78.299978 998.497634
80.466290 998.482883
80.552982 998.482875
80.726774 998.482864
80.875789 998.482855
80.943630 998.482855
81.136645 998.482720
81.385814 998.482681
81.474110 998.482655
83.842579 998.468000
83.910280 998.462939
84.876130 998.456396
85.354074 998.364326
85.417843 998.305173
85.539956 998.300256
85.702260 998.299961
86.133445 998.299872
86.493181 998.299757
86.847150 998.299757
86.906798 998.299755
87.226836 998.299696
88.302816 998.299134
88.304419 998.299131
88.307054 998.299086
88.307416 998.299086
88.308320 998.299060
88.320512 998.299031
88.367557 998.293849
88.725630 998.286722
88.795323 998.260805
88.818269 998.260233
88.839884 998.259867
89.052801 998.250506
89.078534 998.245241
89.080483 998.241690
89.080513 998.241361
89.092521 998.234939
89.104253 998.229587
89.106458 998.227265
89.216595 998.223707
89.323837 998.223105
89.441723 998.184217
89.462728 998.169209
89.623284 998.152936
89.640026 998.123444
89.640106 998.123207
89.640168 998.116908
89.647743 998.085411
89.693239 998.077554
89.700273 998.077172
89.703387 998.072399
89.704677 998.069983
89.705866 998.069753
89.708028 998.068864
89.708456 998.068814
89.708760 998.068809
89.709107 998.068806
89.711542 998.068552
89.711753 998.067793
89.711836 998.063064
89.723004 998.058107
90.422518 998.045389
90.450052 998.034103
90.579034 998.003505
90.586656 997.994604
90.633929 997.985653
93.410746 997.982943
95.374734 997.982756
96.352443 997.980553
105.955857 997.980229
108.986219 997.979362
136.180109 997.956898
138.528689 997.951685
139.303844 997.940531
163.712929 997.762298
182.120743 997.518606
196.140339 997.500787
198.406852 997.500780
198.457847 997.500751
201.626894 997.500722
203.414643 997.490866
205.441973 997.490502
205.561868 997.478286
206.439619 997.474693
206.439751 997.470772
206.441870 997.460037
206.456889 997.454752
232.793402 997.262300
232.858963 997.211049
232.865615 997.209379
232.874556 997.198631
232.892042 995.980939
400.814885 992.529596
405.819947 992.525285
408.722971 992.525192
413.136041 992.524825
415.733187 992.524331
416.470096 992.478713
425.232811 992.465457
425.244124 992.465427
425.257372 992.462872
425.510372 992.459217
425.527247 992.459157
425.601367 992.459014
425.847110 992.455871
426.273634 992.455733
426.274518 992.455721
426.440186 992.455708
426.497926 992.455686
426.508421 992.455407
427.500176 992.453229
427.664344 992.448340
427.886293 992.442344
428.012501 992.437856
428.096213 992.437703
428.118646 992.436868
428.129157 992.429659
428.131119 992.414155
428.137987 992.413354
428.447435 992.409339
428.622416 992.408426
428.784338 992.408151
431.742399 992.230482
431.821981 992.223359
432.712777 992.223290
432.817082 992.223085
432.831406 992.223083
432.876570 992.223077
432.882821 992.222797
432.889465 992.222781
432.898275 992.222504
432.925403 992.222458
432.926254 992.222451
432.975962 992.220364
433.750556 992.219271
436.294013 992.147548
436.299740 992.146863
436.300287 992.146527
436.302859 992.145776
436.327147 992.145753
436.370582 992.145545
436.370742 992.144553
436.370794 992.143589
436.370808 992.143308
436.370810 992.143307
436.370813 992.143293
436.370816 992.143291
436.370841 992.143249
436.370900 992.143086
436.393476 992.143030
436.420480 992.143025
436.656281 992.124950
436.926188 992.079179
436.926535 992.078893
436.926999 992.078805
436.927587 992.078649
436.927846 992.078515
436.927876 992.078506
436.962620 992.076970
436.965142 992.075119
437.014161 992.070983
437.014260 992.070974
437.014287 992.070974
437.014321 992.070973
437.014381 992.070971
437.015611 992.070955
442.596852 992.037426
443.390039 992.037378
446.147911 992.036429
457.281033 992.032811
458.023336 992.028871
459.171257 992.028797
462.956019 992.021514
465.152913 992.012504
465.159270 991.948135
465.283886 991.946440
465.705356 991.940240
465.916081 991.933791
466.184143 991.933079
466.376867 991.928371
466.488097 991.926554
466.752033 991.916733
467.192128 991.916556
467.753998 991.905419
468.232662 991.896476
468.395710 991.894992
468.442006 991.886201
468.687601 991.880031
468.943878 991.878315
469.017638 991.876877
469.700568 991.861069
470.110166 991.861065
470.755728 991.860691
470.775739 991.860527
470.792406 991.860405
471.014599 991.860343
471.880410 991.860343
471.900652 991.860343
471.966776 991.860343
471.969101 991.860343
471.975341 991.860343
471.975628 991.860343
471.977334 991.860343
472.024017 991.860343
472.225270 991.860343
472.377621 991.860343
472.379449 991.860343
472.468297 991.860343
472.484747 991.860342
472.502387 991.860342
472.526394 991.860336
472.530064 991.860335
472.607172 991.860334
472.630308 991.860333
472.634249 991.860331
472.634277 991.860330
472.634306 991.860330
472.638119 991.860327
472.639408 991.860322
472.649632 991.860319
472.739927 991.860295
472.960958 991.860274
473.021789 991.860249
473.083409 991.858960
473.295390 991.857573
473.539296 991.848371
474.004564 991.842484
474.061094 991.841443
474.073940 991.840716
474.101555 991.839400
474.133953 991.834247
474.275288 991.834023
474.342627 991.833724
474.585912 991.832892
475.225567 991.831181
475.232005 991.830309
475.496978 991.827864
476.191428 991.825565
476.932210 991.825542
477.026238 991.825505
477.307222 991.825476
477.435246 991.825253
477.522198 991.825226
477.533907 991.825178
477.536618 991.824940
477.539070 991.820387
477.565665 991.818929
477.566906 991.818838
477.567749 991.818508
477.572082 991.818160
477.587490 991.817987
477.592765 991.816946
477.595229 991.816935
477.609113 991.816932
477.611154 991.816929
477.614238 991.816913
477.617180 991.816888
477.621777 991.816879
477.621947 991.816852
477.622005 991.816851
477.622213 991.816851
477.622367 991.816851
477.622442 991.816849
477.622476 991.816848
477.622497 991.816848
477.623186 991.816844
477.708178 991.816844
477.713094 991.816838
477.762699 991.816836
477.764013 991.816834
477.764782 991.816833
477.778071 991.816811
477.788432 991.813473
477.801393 991.811246
477.803036 991.808446
477.803499 991.808228
477.803560 991.808127
477.803599 991.808126
477.803603 991.808048
477.804911 991.808015
477.808810 991.807620
477.814071 991.798855
477.815691 991.798363
477.824363 991.796781
477.826468 991.791892
477.826558 991.787112
477.827342 991.786190
477.828499 991.785685
477.830497 991.785670
477.831014 991.785322
477.831257 991.784892
477.831278 991.784826
477.831416 991.784763
477.831432 991.784310
477.831783 991.784234
477.831790 991.784151
477.831877 991.783877
477.833135 991.783826
477.835192 991.783628
477.837849 991.762873
477.876233 991.762781
477.884285 991.762757
477.884293 991.762757
477.884316 991.762756
477.884316 991.762756
477.884327 991.762756
477.884406 991.762756
477.884428 991.762756
477.885078 991.762694
477.886618 991.762652
477.886622 991.762646
477.886674 991.762640
477.886678 991.762632
477.886680 991.762614
477.886718 991.762600
477.886741 991.762592
477.886752 991.762589
477.886765 991.762588
477.886774 991.762587
477.886867 991.762584
477.886888 991.762545
477.886891 991.762516
477.889795 991.762503
477.890181 991.762500
477.891099 991.762498
477.896345 991.762160
477.896846 991.761736
477.917286 991.761715
477.931006 991.761267
477.983085 991.761015
477.989769 991.760723
478.002083 991.760644
478.002294 991.760642
478.002294 991.760642
478.002298 991.760642
478.002450 991.760626
478.008482 991.760613
478.010256 991.760602
478.010263 991.760584
478.010264 991.760579
478.010270 991.760558
478.010352 991.760544
478.010356 991.760540
478.010359 991.760533
478.010371 991.760492
478.010889 991.760431
478.010889 991.760430
478.010889 991.760426
478.010889 991.760412
478.011609 991.760410
478.011816 991.760409
478.011933 991.760406
478.011959 991.760405
478.012069 991.760404
478.012098 991.760404
478.012125 991.760404
478.012221 991.760404
478.013212 991.760402
478.019180 991.760386
478.021495 991.760310
478.021972 991.760088
478.022710 991.759977
478.022795 991.759949
478.023404 991.759806
478.023670 991.759759
478.026988 991.759439
478.027676 991.759415
478.027776 991.759415
478.027789 991.759415
478.027901 991.759415
478.027912 991.759415
478.027981 991.759415
478.028020 991.759415
478.028021 991.759415
478.028021 991.759415
478.028021 991.759415
478.028021 991.759415
478.028348 991.759414
478.028418 991.759414
478.028627 991.759406
478.028949 991.759352
478.029262 991.759348
478.030670 991.759343
478.031614 991.759336
478.047159 991.759322
478.047786 991.759309
478.048408 991.759306
478.048580 991.759301
478.050593 991.759287
478.050738 991.759285
478.050813 991.759283
478.051215 991.759278
478.159033 991.755646
478.160117 991.753542
478.194760 991.753490
478.242554 991.753338
478.247753 991.753115
478.251058 991.753114
478.252515 991.753114
478.252858 991.753103
478.254459 991.753098
478.254975 991.753098
478.255011 991.753098
478.255255 991.753098
478.255653 991.753098
478.256192 991.753097
478.256646 991.753096
478.256878 991.753096
478.257309 991.753094
478.259211 991.753094
478.263100 991.753093
478.264436 991.753080
478.290618 991.752930
478.291804 991.752907
478.293111 991.752905
478.293571 991.752905
478.296264 991.750735
478.301992 991.750643
478.309754 991.749999
478.331596 991.749730
478.333354 991.749562
478.340634 991.749234
478.345198 991.749154
478.353822 991.749002
478.366212 991.748911
478.366236 991.748870
478.366249 991.748785
478.366262 991.748772
478.366277 991.748553
478.366279 991.748548
478.366287 991.748530
478.366289 991.748519
478.366289 991.748517
478.366290 991.748517
478.366339 991.748512
478.366340 991.748510
478.366341 991.748509
478.366342 991.748509
478.366344 991.748508
478.366346 991.748508
478.366346 991.748507
478.366420 991.748500
478.366459 991.748499
478.366509 991.748499
478.366552 991.748491
478.366567 991.748488
478.366582 991.748487
478.366584 991.748487
478.366587 991.748487
478.366589 991.748487
478.366591 991.748487
478.366602 991.748486
478.366611 991.748485
478.366637 991.748481
478.378635 991.747149
478.379470 991.746424
478.379670 991.745930
478.379779 991.745651
478.379944 991.745643
478.379954 991.745642
478.380085 991.745640
478.380092 991.745637
478.380336 991.745329
478.381233 991.743574
478.381392 991.743423
478.382064 991.743313
478.382106 991.743292
478.382140 991.743289
478.391435 991.741136
478.399408 991.735708
478.478662 991.735648
478.478901 991.735645
478.491687 991.735527
478.493071 991.735519
478.514484 991.733408
478.522805 991.729222
478.523065 991.728776
478.529616 991.727760
478.533732 991.727498
478.536230 991.727305
478.536428 991.725562
478.536651 991.725560
478.539908 991.725306
478.540130 991.721435
478.540228 991.714473
478.540230 991.709337
478.540234 991.708342
478.540241 991.705225
478.540970 991.704948
478.541001 991.704948
478.541009 991.704944
478.541010 991.704944
478.541010 991.704944
478.541010 991.704944
478.541023 991.704943
478.541044 991.704943
478.541144 991.704943
478.541154 991.704943
478.541154 991.704943
478.541154 991.704943
478.541155 991.704943
478.541161 991.704943
478.541163 991.704942
478.541163 991.704942
478.541164 991.704942
478.541165 991.704942
478.541182 991.704941
478.541182 991.704940
478.541183 991.704939
478.541183 991.704930
478.541294 991.704925
478.541318 991.704909
478.541713 991.704889
478.541739 991.704875
478.541759 991.704828
478.541880 991.704782
478.541891 991.704702
478.541905 991.704662
478.541910 991.704655
478.541915 991.704654
478.541919 991.704654
478.541951 991.704610
478.541981 991.704495
478.541983 991.704491
478.541985 991.704487
478.541987 991.704481
478.541996 991.704479
478.542002 991.704478
478.542013 991.704477
478.542023 991.704477
478.543991 991.704382
478.544216 991.704358
478.544571 991.704354
478.615924 991.702923
478.707044 991.702506
478.711566 991.702494
478.719956 991.702372
478.721141 991.702128
478.721457 991.701529
478.721504 991.700709
478.721506 991.700617
478.721509 991.700031
478.721516 991.699316
478.721517 991.699304
478.721544 991.699216
478.721607 991.699063
478.721622 991.698918
478.721623 991.698873
478.721623 991.698799
478.721623 991.698301
478.721623 991.698085
478.721623 991.697877
478.721623 991.697824
478.721623 991.697770
478.721624 991.697740
478.721624 991.697739
478.721624 991.697737
478.721624 991.697737
478.721625 991.697737
478.721625 991.697734
478.721625 991.697734
478.721625 991.697732
478.721626 991.697732
478.721626 991.697732
478.721626 991.697732
478.721626 991.697732
478.721626 991.697730
478.721626 991.697730
478.721626 991.697730
478.721626 991.697730
478.721626 991.697730
478.721626 991.697730
478.721628 991.697721
478.721628 991.697719
478.721628 991.697708
478.721629 991.697708
478.721629 991.697708
478.721631 991.697707
478.721631 991.697707
478.721631 991.697698
478.721631 991.697697
478.721631 991.697693
478.721631 991.697691
478.721632 991.697651
478.721632 991.697563
478.721632 991.697562
478.721632 991.697558
478.721632 991.697478
478.721632 991.697476
478.721632 991.697476
478.721633 991.697474
478.721633 991.697426
478.721633 991.697424
478.721633 991.697422
478.721634 991.697274
478.722367 991.693985
478.723545 991.688737
478.726370 991.687399
478.731723 991.686946
478.738345 991.686659
478.739677 991.685340
478.748909 991.685292
478.750133 991.684263
478.750311 991.683869
478.750531 991.683661
478.751096 991.683661
478.762685 991.683626
478.763323 991.683438
478.766762 991.683186
478.766809 991.683009
478.766834 991.682937
478.767388 991.682883
478.767746 991.682739
478.768212 991.682738
478.768710 991.682719
478.770043 991.682651
478.770187 991.682635
478.771751 991.681167
478.771909 991.681132
478.772086 991.681108
478.772139 991.681066
478.772154 991.681063
478.772166 991.681060
478.772173 991.681057
478.773073 991.680961
478.773502 991.680570
478.773691 991.680552
478.773839 991.680495
478.773841 991.680369
478.773867 991.680369
478.773906 991.680345
478.773954 991.680223
478.774075 991.680064
478.774128 991.679967
478.774408 991.679495
478.775414 991.674910
478.776180 991.671658
478.776344 991.671256
478.776477 991.671234
478.776522 991.671059
478.776726 991.670981
478.776795 991.651618
478.776987 991.651548
478.777124 991.651521
478.777124 991.651336
478.777125 991.651272
478.777125 991.651156
478.777132 991.649649
478.777167 991.649051
478.777167 991.648875
478.777172 991.648871
478.777179 991.648844
478.777184 991.648820
478.777185 991.648807
478.777186 991.648793
478.782562 991.646215
478.785820 991.645908
478.786480 991.643570
478.787607 991.643262
478.794248 991.641331
478.794801 991.637839
478.794828 991.637837
478.794889 991.637837
478.795283 991.637836
478.795613 991.637814
478.795658 991.636820
478.796298 991.636353
478.796379 991.636150
478.798061 991.636124
478.798149 991.635996
478.823395 991.635845
478.825412 991.635665
478.831879 991.635648
478.841500 991.635556
478.872627 991.635532
478.872694 991.635532
478.872855 991.635528
478.873016 991.635527
478.873286 991.635524
478.873327 991.635524
478.873608 991.635519
478.879042 991.635507
478.879045 991.635505
478.879055 991.635494
478.879317 991.635479
478.879478 991.635479
478.879509 991.635479
478.879514 991.635479
478.879518 991.635478
478.879615 991.635478
478.880206 991.635478
478.880593 991.635477
478.880633 991.635476
478.888826 991.635474
478.894765 991.635466
478.895364 991.635458
478.895572 991.635458
478.896040 991.635458
478.899190 991.635457
478.905784 991.635444
478.917994 991.635313
478.918164 991.633541
478.918488 991.633505
478.918859 991.633406
478.922319 991.633405
478.931252 991.632848
478.934283 991.631367
479.016717 991.629860
479.027456 991.629805
479.033632 991.629730
479.034151 991.629724
479.034365 991.629704
479.053005 991.629595
479.066673 991.629502
479.066864 991.629416
479.071238 991.629415
479.082421 991.629372
479.083128 991.629220
479.153113 991.629208
479.175059 991.629096
479.175145 991.627886
479.175689 991.626231
479.204792 991.621000
479.205543 991.620917
479.205761 991.620522
479.206745 991.615150
479.207342 991.615127
479.207469 991.614830
479.213358 991.612073
479.214527 991.610938
479.214528 991.607774
479.214529 991.606793
479.214529 991.605849
479.214529 991.605842
479.214530 991.605772
479.214530 991.605691
479.214530 991.605676
479.214534 991.605563
479.214673 991.603981
479.214674 991.603952
479.214676 991.603786
479.214677 991.603785
479.214679 991.603783
479.214703 991.603782
479.214724 991.603779
479.214725 991.603763
479.214763 991.603712
479.214767 991.603690
479.214930 991.603594
479.215027 991.603433
479.215027 991.603204
479.215027 991.603135
479.215027 991.603008
479.215027 991.602924
479.215027 991.602912
479.215027 991.602902
479.215027 991.602599
479.215029 991.602397
479.215031 991.601270
479.215034 991.600634
479.215042 991.600002
479.215052 991.599449
479.216216 991.598631
479.224774 991.598583
479.227067 991.598423
479.237975 991.598295
479.245164 991.597514
479.294189 991.596046
479.300144 991.596034
479.301926 991.595983
479.308504 991.595956
479.309162 991.595915
479.367358 991.595626
479.370246 991.595601
479.370825 991.595586
479.380972 991.595529
479.387747 991.590541
479.389367 991.589683
479.389505 991.588684
479.389728 991.588671
479.389732 991.588655
479.389810 991.588560
479.402566 991.585546
479.409651 991.585079
479.415456 991.585005
479.415553 991.584644
479.415557 991.584607
479.415564 991.584458
479.415600 991.584155
479.416244 991.584057
479.418099 991.584038
479.428374 991.583830
479.456476 991.569466
479.524044 991.566791
479.684044 991.558030
480.131433 991.557630
480.689339 991.554987
480.800700 991.553942
481.561593 991.553597
481.604317 991.553378
481.995820 991.551733
482.592362 991.551691
482.622837 991.551690
482.673810 991.551689
482.921322 991.551689
483.013533 991.551688
483.080453 991.551682
483.107836 991.551650
483.150796 991.551444
483.447971 991.551390
483.567010 991.551059
483.598237 991.550860
483.598782 991.550433
483.615792 991.550409
483.678276 991.550240
483.776592 991.548695
484.596283 991.548125
484.739783 991.539931
484.741809 991.539849
484.743657 991.539796
484.743802 991.539711
484.744293 991.539671
484.746698 991.539146
484.747364 991.539144
484.747374 991.539143
484.747383 991.539143
484.747604 991.539111
484.747743 991.539088
484.747809 991.539077
484.780944 991.538624
484.791530 991.538624
484.795329 991.538622
484.797537 991.538604
484.837737 991.538596
485.301576 991.538594
485.359711 991.505956
485.369344 991.433877
485.375092 991.397298
485.462669 991.380522
485.789994 991.191710
486.004429 991.181327
486.019857 991.034766
486.362126 990.997914
486.740896 990.980193
486.744055 990.980189
486.749260 990.980188
486.749272 990.980187
486.749274 990.980187
486.749275 990.980187
486.749276 990.980186
486.749282 990.980183
486.749673 990.980180
486.752846 990.980180
486.754762 990.980178
486.792581 990.980126
486.794440 990.980126
486.794510 990.980126
486.794536 990.980126
486.795091 990.980125
486.795185 990.980125
486.795386 990.980125
486.795474 990.980125
486.795502 990.980125
486.795562 990.980125
486.795571 990.980125
486.795575 990.980125
486.795592 990.980125
486.795642 990.980125
486.795656 990.980125
486.795666 990.980125
486.797404 990.980125
486.801932 990.980125
486.802164 990.980125
486.803081 990.980125
486.805207 990.980125
486.805871 990.980125
486.814809 990.980125
486.814866 990.980125
486.814995 990.980125
486.818861 990.980123
486.819084 990.980122
486.819517 990.980120
486.819554 990.980119
486.819679 990.980119
486.822065 990.980113
486.825047 990.980071
486.825054 990.980070
486.825093 990.980069
486.825106 990.980069
486.825113 990.980069
486.825254 990.980069
486.825270 990.980069
486.826545 990.980068
486.826624 990.980068
486.827452 990.980068
486.827465 990.980067
486.827594 990.980067
486.827745 990.980067
486.827977 990.980066
486.829207 990.980060
486.829215 990.980048
486.829241 990.980021
486.840421 990.978733
486.844870 990.978589
486.845123 990.978571
486.845470 990.977206
486.845920 990.977180
486.849896 990.977135
486.850087 990.976824
486.851849 990.976823
486.943478 990.976799
486.943658 990.976799
486.943668 990.976799
486.944493 990.976799
486.946102 990.976798
486.947060 990.976798
486.947496 990.976798
486.948190 990.976797
486.951844 990.976793
486.968533 990.976793
486.991093 990.976793
486.991400 990.976793
486.991401 990.976793
486.991404 990.976793
486.991603 990.976793
486.991800 990.976793
486.991800 990.976793
486.991800 990.976793
486.991800 990.976793
486.991810 990.976793
486.991811 990.976793
486.991811 990.976793
486.991811 990.976793
486.991811 990.976793
486.991812 990.976793
486.991812 990.976793
486.991812 990.976793
486.991812 990.976793
486.991812 990.976793
486.991812 990.976793
486.991812 990.976793
486.991814 990.976793
486.991815 990.976793
486.991817 990.976793
486.991819 990.976793
486.991821 990.976793
486.991834 990.976793
486.991888 990.976793
486.991918 990.976793
486.992162 990.976793
486.992256 990.976792
486.992494 990.976792
486.992496 990.976792
486.992500 990.976792
486.992500 990.976792
486.992500 990.976792
486.995402 990.976792
486.999330 990.976792
487.001674 990.976792
487.003385 990.976792
487.004602 990.976792
487.005171 990.976789
487.006159 990.976788
487.013839 990.976787
487.013970 990.976787
487.015133 990.976787
487.015226 990.976787
487.015232 990.976681
487.015263 990.976619
487.015273 990.976576
487.024315 990.976570
487.024418 990.976552
487.024674 990.976550
487.038704 990.976393
487.102187 990.976288
487.118694 990.976217
487.121110 990.976216
487.122067 990.976215
487.129647 990.976214
487.131656 990.976208
487.157442 990.976194
487.180340 990.976159
487.252712 990.975759
487.263768 990.975756
487.264349 990.975756
487.264454 990.975756
487.264579 990.975755
487.264988 990.975753
487.265528 990.975751
487.282362 990.975687
487.284644 990.975676
487.288245 990.975645
487.298039 990.975593
487.301089 990.975558
487.315957 990.975502
487.354930 990.975497
487.397571 990.975491
487.463486 990.975482
487.470184 990.975155
487.471579 990.974454
487.477436 990.974068
487.477560 990.974060
487.477824 990.974052
487.479273 990.974045
487.479379 990.974028
487.479728 990.974001
487.480146 990.973990
487.480859 990.973989
487.481219 990.973975
487.481622 990.973963
487.482245 990.973934
487.482265 990.973926
487.482278 990.973921
487.482295 990.973920
487.482372 990.973911
487.485812 990.973904
487.500342 990.973884
487.537097 990.973877
487.574859 990.973858
487.576170 990.973825
487.577369 990.973824
487.577942 990.973818
487.578467 990.973815
487.579303 990.973803
487.579365 990.973795
487.579529 990.973795
487.579581 990.973794
487.579855 990.973794
487.580804 990.973700
487.580854 990.973699
487.582231 990.973682
487.582309 990.973642
487.582391 990.973558
487.582564 990.973535
487.582781 990.973531
487.582870 990.973499
487.582902 990.973451
487.583088 990.973449
487.583268 990.973403
487.593307 990.973393
487.593541 990.973350
487.593588 990.973350
487.595441 990.973350
487.595605 990.973350
487.595621 990.973350
487.595670 990.973349
487.596432 990.973349
487.598564 990.973349
487.598732 990.973348
487.601092 990.973348
487.618912 990.973348
487.629537 990.973345
487.634213 990.973345
487.705222 990.973344
487.706682 990.973343
487.713306 990.973343
487.714152 990.973333
487.735473 990.973332
487.736327 990.973332
487.736661 990.973332
487.789719 990.973320
487.829566 990.973316
487.841020 990.973292
487.847239 990.973283
487.847909 990.973282
487.852623 990.973281
487.856642 990.973265
487.871134 990.973265
487.882875 990.973264
487.904008 990.973264
488.358202 990.970129
491.093538 990.968447
497.897290 990.968380
502.324891 990.968193
509.110921 990.967728
511.137202 990.967321
511.282214 990.967078
512.919892 990.966996
513.710687 990.966962
514.208073 990.966952
514.218371 990.966688
514.220002 990.966612
514.221861 990.966586
514.226184 990.966552
514.232931 990.966551
514.409925 990.966165
514.456410 990.966064
514.561527 990.966023
514.562335 990.966022
514.562377 990.966022
514.566462 990.966017
514.619090 990.966014
514.657891 990.966001
514.663024 990.965992
514.663395 990.965990
514.674442 990.965986
514.679800 990.965983
514.808264 990.965842
515.146808 990.964754
515.183028 990.963540
515.185905 990.963533
515.191705 990.963483
515.191991 990.963483
515.193136 990.963481
515.193407 990.963481
515.193638 990.963481
515.193942 990.963481
515.194191 990.963481
515.194373 990.963479
515.250086 990.963439
515.255320 990.963387
515.259393 990.963368
515.261277 990.963328
515.265389 990.963328
515.265590 990.963319
515.265611 990.963319
515.265702 990.963318
515.265901 990.963263
515.294278 990.963262
515.314997 990.963124
515.317152 990.963114
515.319590 990.962920
515.326114 990.962814
516.523953 990.960623
517.173913 990.960522
517.287648 990.960243
517.304298 990.960070
517.314808 990.960050
517.373790 990.959950
517.373894 990.959950
517.376544 990.959945
517.378919 990.959941
517.399335 990.959926
517.405332 990.959897
517.408201 990.959885
517.409590 990.959882
517.410078 990.959876
517.423240 990.959875
517.424871 990.959872
517.426550 990.959854
517.426553 990.959825
517.426780 990.959793
517.543147 990.959791
517.578700 990.959785
517.648079 990.959782
517.830835 990.959685
517.868469 990.959674
517.872556 990.959672
517.875223 990.959672
517.894981 990.959671
517.902013 990.959671
517.903126 990.959669
517.903206 990.959664
517.918515 990.959663
517.919965 990.959663
517.923557 990.959663
517.926958 990.959663
517.934179 990.959652
517.935366 990.959652
517.957352 990.959651
518.415647 990.959422
518.538216 990.959300
518.623424 990.957672
518.789465 990.956427
518.828763 990.954472
518.914642 990.947119
522.176539 990.942636
522.253757 990.931601
522.258031 990.931556
522.269917 990.931527
522.287961 990.927077
522.337555 990.924186
522.339574 990.924103
522.341536 990.923987
522.341837 990.923982
522.343125 990.923885
522.350667 990.923706
522.357030 990.923656
522.358171 990.923652
522.371434 990.923646
522.577595 990.923154
522.586808 990.923152
522.590715 990.923145
522.591919 990.923132
522.594453 990.923107
522.597991 990.923099
522.617413 990.923024
522.624229 990.922954
522.638827 990.922847
522.665931 990.922708
522.665990 990.922676
522.674367 990.922579
522.676822 990.922575
522.677757 990.922571
522.682183 990.922566
522.684507 990.922564
522.686419 990.922564
522.686433 990.922564
522.687221 990.922564
522.688396 990.922564
522.695879 990.922557
522.697138 990.922492
522.698474 990.922406
522.698482 990.922405
522.698492 990.922405
522.698538 990.922405
522.698556 990.922404
522.698578 990.922404
522.698711 990.922398
522.698827 990.922388
522.700471 990.922280
522.705273 990.921686
522.707650 990.921686
522.711316 990.921662
522.711318 990.921644
522.711320 990.921642
522.711325 990.920802
522.711393 990.920527
522.711451 990.920014
522.711807 990.919870
522.712062 990.919622
522.715628 990.919458
522.715782 990.919458
522.716273 990.919456
522.716446 990.919454
522.716466 990.919454
522.716481 990.919454
522.716492 990.919454
522.716510 990.919454
522.716570 990.919454
522.717460 990.919451
522.717479 990.919451
522.717587 990.919451
522.717587 990.919451
522.717587 990.919451
522.717593 990.919451
522.719355 990.919449
522.720256 990.919441
522.737407 990.919171
522.771721 990.918712
522.782043 990.918710
522.787641 990.918584
522.792212 990.916823
522.792236 990.916820
522.792261 990.916743
522.792443 990.916715
522.793970 990.916563
522.795170 990.916556
522.795170 990.916556
522.795171 990.916556
522.795171 990.916556
522.795193 990.916556
522.795227 990.916555
522.795239 990.916554
522.795331 990.916554
522.795397 990.916554
522.795507 990.916550
522.795560 990.916528
522.795637 990.916417
522.795663 990.916021
522.795945 990.915586
522.840988 990.915484
522.855249 990.915420
695.991001 989.844159
697.327319 989.844053
698.360032 989.843838
698.808178 989.843614
700.110867 989.842579
700.948777 989.842362
717.978208 989.842053
718.058892 989.841830
718.106045 989.841601
718.114909 989.841592
718.119242 989.841590
718.177811 989.841590
718.183402 989.841578
718.238604 989.841561
718.654471 989.841475
719.509423 989.841436
719.700473 989.841422
720.279543 989.841398
720.835995 989.839896
721.420195 989.839887
721.510413 989.839887
721.511999 989.839886
721.663894 989.839882
721.705672 989.839875
721.899479 989.839870
724.006766 989.839864
724.102814 989.839863
724.183427 989.839861
724.213203 989.839855
724.222443 989.839849
724.224529 989.839848
724.224715 989.839845
724.224739 989.839845
724.224743 989.839845
724.224749 989.839845
724.224762 989.839845
724.224762 989.839844
724.224762 989.839844
724.224763 989.839844
724.231821 989.839837
724.280692 989.839833
724.361644 989.839828
724.403331 989.839826
725.338039 989.839543
725.353255 989.839541
725.359296 989.839536
725.650386 989.839421
725.742828 989.824944
725.744917 989.824927
725.748046 989.824926
725.748929 989.824892
725.749394 989.824864
725.754070 989.824458
725.764173 989.824438
726.574982 989.818011
727.007290 989.803002
727.314350 989.795128
727.368253 989.759545
727.371705 989.563482
727.371729 989.517989
727.379769 987.980242
727.399149 986.604284
727.401679 986.374287
727.414199 986.278393
727.417390 986.177645
727.434047 986.148092
727.434828 986.100254
727.436401 985.909818
727.436407 985.825285
727.436423 985.816037
727.436602 985.798094
727.454862 985.785744
727.454937 985.779335
727.454967 985.766824
727.454980 985.765134
727.455123 985.762330
727.455126 985.761098
727.455600 985.760472
727.456370 985.751159
727.456446 985.613147
727.456585 985.545237
727.456586 985.520298
727.456590 985.502492
727.456814 985.491669
727.456835 985.484634
727.464261 985.376443
727.466292 985.001386
727.468985 983.224869
727.469108 982.931845
727.469113 982.923971
727.469198 982.921517
727.469371 982.901123
727.469906 982.732177
727.469929 982.711947
727.469943 982.673677
727.469954 982.318508
727.470017 981.674773
727.470217 981.267631
727.470226 981.089108
727.470238 980.902037
727.470273 980.890033
727.470280 980.705716
727.470340 978.067783
727.470350 976.916102
727.470725 976.778116
727.470813 975.239306
727.470831 975.238889
727.471356 975.188485
727.471594 975.161960
727.471982 974.178862
727.472022 973.959216
727.472165 973.825906
727.472294 973.669701
727.472307 973.291064
728.621514 971.958455
728.625965 968.259693
728.765629 968.214400
728.784321 968.187129
728.815737 968.172404
728.841960 966.071430
729.359452 965.471969
729.360658 965.266557
729.361146 965.082181
729.361221 965.081825
729.361241 965.080659
729.361241 965.080642
729.361241 965.080626
729.361273 965.080209
729.361878 965.074210
729.361885 965.073510
729.364093 965.028326
729.364132 965.025931
729.364301 965.016347
729.364446 965.013598
729.371968 964.998245
729.373888 964.980277
729.375430 963.184986
729.375826 963.127135
729.376684 963.030984
729.377141 962.949246
729.378422 962.914582
729.571315 961.846934
729.656314 961.768655
729.670433 961.070153
729.718108 953.134813
729.811477 952.756054
729.861254 947.895784
729.875048 944.707876
730.014998 940.979366
730.071031 940.881580
730.094323 940.814431
730.184272 940.795812
730.249471 940.788544
730.266103 940.653531
730.302068 940.485392
730.361887 940.483906
730.361926 940.340190
730.362017 940.297761
730.362461 940.072994
730.362461 940.072830
730.362462 940.071186
730.362462 940.069731
730.362464 940.068818
730.362466 940.068816
730.362466 940.068812
730.362476 940.068674
730.362476 940.062271
730.362476 940.062068
730.362476 940.061966
730.362477 940.061436
730.362477 940.060512
730.362478 940.060450
730.362478 940.060263
730.362478 940.060211
730.362481 940.043837
730.362487 939.947174
730.362517 939.939604
730.362561 939.922087
730.362669 939.870307
730.362680 939.859535
730.362686 939.624992
730.366399 938.938973
730.367148 938.799621
730.367208 938.341243
730.370149 937.998481
730.370362 935.865827
730.370692 932.152364
730.371738 926.340138
730.371840 925.968275
730.371857 925.583951
730.371857 924.954478
730.371858 924.809404
730.371859 924.577468
730.371915 924.406413
730.372049 924.381290
730.372059 923.945547
730.372205 923.837981
730.372289 923.837156
730.372421 923.811402
730.372498 923.802441
730.372619 923.801543
730.372805 923.783529
730.372976 923.565711
730.382064 923.312404
730.385094 921.647711
730.385222 920.873510
730.388970 920.014949
730.413918 912.326771
730.440402 910.587576
730.440418 910.587519
730.440423 910.587366
730.440947 910.585461
730.440952 910.585459
730.440959 910.585427
730.441013 910.585368
730.441029 910.584672
730.441032 910.584185
730.441212 910.581768
730.441971 910.356682
730.466658 910.348035
730.467868 910.288521
730.469104 910.273701
730.469425 910.241259
730.485355 909.916576
730.486881 909.819928
730.486892 909.818977
730.486893 909.817278
730.487199 909.811417
730.490622 909.809328
730.494907 909.803373
730.494943 909.803303
730.495307 909.803273
730.495617 909.803117
730.498286 909.801229
730.498319 909.795462
730.498529 909.795424
730.498611 909.794880
730.498761 909.794508
730.498766 909.793461
730.498842 909.793156
730.499386 909.791138
730.499452 909.789784
730.500693 909.789102
730.500719 909.779507
730.500721 909.778167
730.500731 909.777726
730.500731 909.775701
730.500735 909.775520
730.500735 909.775460
730.500746 909.752169
730.500772 909.750192
730.500773 909.741105
730.500781 909.740231
730.500804 909.739859
730.500919 909.730956
730.522990 909.704475
730.526402 909.704475
730.532553 909.704340
730.543482 909.704130
730.551965 909.700095
730.585295 909.690761
730.592897 909.686710
730.596622 909.685652
730.608246 909.681033
730.608815 909.656573
730.608879 909.637330
730.608930 909.566973
730.617547 908.508412
730.668297 907.746453
730.781677 900.423781
731.830148 899.303300
732.531804 830.118448
732.577122 822.941144
733.084969 808.147083
737.321692 624.434191
760.976251 624.426283
773.571993 622.726260
776.123771 620.920238
789.542289 620.902435
789.542504 620.503621
789.542641 620.502022
789.572678 619.958997
789.572782 619.160116
789.575678 616.612608
789.578378 610.206464
789.579925 608.367953
789.582153 607.519574
789.594633 601.523003
789.688054 600.816436
789.692489 600.753040
789.747685 600.628871
789.752425 600.577281
789.793189 600.546950
790.238363 600.437389
790.274357 597.816529
790.290424 596.806303
790.300099 594.703369
790.301359 594.397899
790.305287 594.086062
790.317654 594.026165
790.323102 593.912943
790.325024 593.558652
790.325109 593.338756
790.325447 593.123367
790.325971 592.991376
790.326775 590.417967
790.326979 588.679179
790.327414 588.472771
790.328102 588.420826
790.328822 588.380897
790.328969 588.014832
790.329877 587.987393
790.329895 587.609850
790.330521 587.341012
790.330915 587.198346
790.330924 586.572556
790.331054 586.255611
790.331149 586.160364
790.332329 585.376686
790.332405 584.596429
790.332665 583.295193
790.332802 583.295178
790.333233 583.295172
790.333608 583.295032
790.334100 583.289881
790.334799 583.276297
790.337614 582.827488
790.337681 582.314327
790.337769 582.143741
790.337942 582.142779
790.337979 582.142664
790.338021 582.134177
790.343315 580.213030
790.346825 579.504958
790.347786 579.343179
790.348813 579.341969
790.351815 579.325850
790.353514 579.274659
790.353531 579.273228
790.353621 579.271882
790.353766 579.271513
790.354446 578.899799
790.357984 578.277259
790.358004 578.268753
790.358007 578.249256
790.358023 578.248999
790.358029 578.240857
790.358546 578.131079
790.359419 577.723747
790.377091 575.885394
790.377937 575.734403
790.382866 575.710739
790.420573 574.730414
790.435146 574.105383
790.599154 566.120945
790.599407 561.098056
790.599997 557.211339
790.606910 555.750848
790.608990 555.750569
790.610042 555.750102
790.620360 555.749731
790.686707 549.834196
790.695190 539.701480
790.730975 539.342556
790.757388 539.187578
790.773288 538.994712
790.886771 495.495813
790.895008 495.310211
790.908284 494.633671
790.952695 493.335610
790.952794 492.807725
790.963664 491.844762
800.677891 457.210934
801.408773 439.338819
801.598205 436.468454
802.485637 431.280446
831.225597 387.450933
837.701645 381.488364
851.397012 379.080292
856.452188 355.505861
856.895973 348.046554
857.004334 347.535188
857.149320 340.637863
857.231288 340.364778
883.494884 315.111855
904.511553 295.904982
908.779793 290.727669
913.557248 287.294758
917.800065 203.618528
928.409485 200.840767
928.758039 196.055790
937.972735 132.420185
959.084279 116.562224
962.114315 81.733891
962.986446 77.205691
963.762193 75.717243
968.588236 75.630914
972.759743 75.615899
972.766941 75.237724
973.263071 74.843560
973.465249 68.108092
973.813204 68.086142
973.951357 68.085446
973.960319 66.165085
974.139523 66.150078
975.182372 66.125163
975.349789 66.087921
979.065620 64.705496
981.138462 63.272625
990.040243 54.029877
990.049353 52.099262
990.052049 51.899707
990.068528 48.003490
990.069918 47.461147
990.071644 46.309640
990.072039 46.213271
990.072703 45.400131
990.080897 45.292321
990.092328 41.586194
990.104324 41.253007
990.104397 40.607139
990.138055 40.355243
990.145609 40.168079
991.856603 27.796262
992.536118 26.842532
992.548959 26.752824
995.345593 17.099589
998.800071 4.545755
999.746075 1.320440
999.796377 1.284066
999.800767 1.279361
999.801115 1.271386
999.801863 1.239304
999.945811 0.869770
999.946304 0.869624
999.946760 0.868544
999.946859 0.868506
999.946869 0.868396
999.948055 0.868236
999.957133 0.863342
