2000.000000 2.000000
4.398408 998.561415
7.655809 998.025955
118.499670 997.924145
124.010240 997.898584
124.024786 997.891055
124.061719 997.880498
124.235355 997.868990
124.552337 997.830387
124.778481 997.679012
124.946318 997.662935
124.972263 997.653005
124.973579 997.637679
125.278962 997.514598
125.448486 997.461950
125.458909 997.451041
125.467276 997.411678
125.471697 997.410438
125.473795 997.410215
125.475597 997.410162
125.476588 997.409580
125.478478 997.405723
125.478687 997.405721
125.478691 997.405593
125.478703 997.405582
125.479123 997.403781
125.479280 997.402101
125.479431 997.400964
125.479492 997.400689
125.480385 997.400685
125.480534 997.400677
125.509735 997.400550
125.526031 997.400245
125.575075 997.400173
125.621961 997.400165
125.622837 997.400159
125.623181 997.400155
125.625217 997.400126
125.678158 997.383077
125.683482 997.368530
125.689817 997.362452
128.154730 997.345652
129.671673 997.339949
129.671695 997.339670
129.671700 997.339621
129.671822 997.337692
129.671829 997.336928
129.671829 997.336851
129.671829 997.336494
129.671829 997.336079
129.671858 997.335240
129.671877 997.333215
129.672043 997.332232
129.672071 997.332190
129.672091 997.332086
129.672091 997.331615
129.672091 997.331615
129.672108 997.331543
129.672109 997.331244
129.672109 997.330894
129.672116 997.330730
129.672118 997.328741
129.672128 997.328352
129.672133 997.321300
129.672133 997.321029
129.672133 997.320777
129.672133 997.320775
129.672133 997.320680
129.672133 997.320655
129.672133 997.320651
129.672133 997.320649
129.672133 997.320644
129.672134 997.320632
129.672135 997.320625
129.672135 997.320605
129.672135 997.320599
129.672135 997.320537
129.672135 997.320534
129.672135 997.320407
129.672139 997.320038
129.672160 997.319148
129.672173 997.317675
129.672186 997.317288
129.672243 997.317128
129.672248 997.317122
129.672261 997.317115
129.672261 997.317110
129.672788 997.316510
129.672942 997.311601
129.673794 997.310120
129.674041 997.279270
129.725086 997.261915
129.785474 997.259706
129.898610 997.258595
130.095822 997.254903
130.100874 997.254854
131.372576 997.251959
131.782045 997.245396
132.008477 997.244820
132.043696 997.244008
132.069739 997.243281
133.201914 997.240252
133.205530 997.237372
133.262795 997.235713
133.277988 997.227544
133.398924 997.163126
135.732916 997.077034
135.830549 997.068833
135.875181 997.031741
138.656447 996.968516
138.941990 996.916073
140.566588 996.915960
140.793315 996.915770
141.082525 996.915707
141.482420 996.915689
141.754456 996.915550
143.484557 996.915441
143.855431 996.915439
144.537865 996.915437
144.607640 996.915437
144.609507 996.915415
144.625496 996.915399
144.659947 996.915399
144.749414 996.915397
144.749415 996.915397
144.749430 996.915397
144.758361 996.915396
144.797562 996.915383
144.831739 996.915382
144.835935 996.915382
144.841685 996.915382
144.856784 996.915350
144.888966 996.915045
145.055554 996.914361
145.222942 996.913817
145.235188 996.913816
145.255457 996.913816
145.256775 996.913815
145.907316 996.913143
146.160075 996.913132
146.170840 996.913117
146.649441 996.912958
146.667337 996.866522
147.285741 996.862640
152.372750 996.852746
152.570004 996.851246
152.633975 996.850189
152.898934 996.849237
153.135677 996.848686
154.423779 996.841496
155.008719 996.838686
155.405393 996.835484
156.882898 996.830501
156.972475 996.604599
157.090917 996.604551
158.299092 996.604455
159.909933 996.604353
160.808701 996.597300
164.390851 996.596948
168.280872 996.595823
170.828214 996.591260
170.851083 996.450046
170.856258 996.180068
170.913404 996.172744
170.929410 996.167410
170.929446 996.166900
170.974511 996.166686
171.052324 996.166375
171.151100 996.166008
171.312611 996.153113
171.329226 996.142878
171.336394 996.137923
171.341336 996.137153
171.480528 996.133927
171.532551 996.129676
171.541316 996.129226
171.545813 996.127181
171.546961 996.126033
171.593227 996.105329
171.911297 996.096007
172.510911 996.095274
173.123020 996.093259
173.815130 996.087013
175.202630 995.996293
175.209633 995.344568
175.262595 992.480055
175.490447 990.912122
175.679277 990.848617
175.690925 990.837325
176.014793 990.601640
252.991306 980.577148
258.657241 978.743133
259.137424 978.741450
259.298057 978.739192
259.298701 978.737329
259.343817 978.734795
268.065531 978.720213
268.261197 978.720065
268.351017 978.719062
270.200501 978.692789
296.927842 978.689639
298.091307 978.677750
298.151073 978.677194
298.256544 978.676652
298.340325 978.675740
298.346186 978.672593
303.210927 978.672388
316.208060 978.532978
320.047477 977.971342
320.110956 977.937412
321.684236 977.602940
325.588979 977.010017
336.616728 973.378459
346.953372 972.592567
347.527455 972.548521
347.530908 972.542298
347.551867 972.539790
347.564467 972.539785
347.564702 972.539715
347.565955 972.539606
347.567004 972.539606
347.567330 972.539605
347.567364 972.539605
347.567381 972.539604
347.567400 972.539603
347.567928 972.539603
347.570084 972.539602
347.571384 972.539602
347.618529 972.539521
347.644149 972.539510
347.673774 972.539483
347.682924 972.539398
347.698362 972.539396
347.718667 972.539392
347.735398 972.539349
347.750715 972.539181
347.758146 972.539174
348.251562 972.539107
348.251825 972.538976
348.253065 972.538929
348.254584 972.537707
348.254805 972.537686
348.255217 972.536442
348.277110 972.536314
348.296102 972.536277
348.306521 972.536179
348.354003 972.535739
348.390756 972.512901
348.417094 972.511252
348.537208 972.510205
348.890384 972.509842
348.993054 972.509795
349.137284 972.508352
349.189133 972.508205
349.221091 972.490007
349.265487 972.462353
349.279094 972.461082
349.351100 972.457728
349.378617 972.456827
350.308749 972.416617
350.571093 972.410048
350.575889 972.409627
350.599284 972.409165
350.607113 972.408855
350.621052 972.408845
350.658138 972.408842
350.776249 972.408814
350.793796 972.408397
350.797424 972.408126
350.797504 972.406237
350.798034 972.406006
350.799428 972.404020
350.801193 972.387458
350.806773 972.355220
350.807761 972.351994
350.810267 972.350517
350.812276 972.310833
350.812318 972.308314
350.812333 972.306631
350.812466 972.294419
350.940673 972.293034
351.022154 972.290028
351.043386 972.288789
351.499858 972.288281
351.511315 972.288222
351.532914 972.288206
351.576734 972.288121
351.584488 972.287898
351.589415 972.287570
351.591761 972.286978
351.623502 972.286216
351.632480 972.285701
351.706573 972.284817
353.296762 972.195843
353.344454 972.185951
353.386176 972.160206
353.457140 972.157349
353.541241 971.866173
353.547927 971.859910
353.550277 971.856084
353.559227 971.854465
353.561191 971.852742
353.563265 971.852312
353.563328 971.852300
353.563506 971.852291
353.563552 971.852289
353.563587 971.852279
353.564447 971.850392
353.571497 971.849567
353.572375 971.849161
353.572451 971.849105
353.574619 971.849048
353.574712 971.848789
353.574804 971.848662
353.575692 971.847572
353.575913 971.847572
353.577844 971.847571
353.579902 971.847554
353.580003 971.847535
353.580097 971.847526
353.580212 971.847498
353.581839 971.847498
353.582053 971.847498
353.582621 971.847498
353.603043 971.847467
353.609755 971.847112
353.655377 971.082550
353.657117 970.417396
353.670318 970.417386
353.746074 970.411778
355.975927 969.917653
355.985401 969.914970
355.987163 969.776449
355.997117 969.313877
356.035489 969.281151
356.046995 969.280429
356.047827 969.280260
356.047950 969.280030
356.049806 969.279944
356.052628 969.278993
356.052910 969.278345
356.075460 969.277155
356.136632 969.274338
356.183086 969.270616
356.207086 969.268885
356.219548 969.265132
356.224251 969.262449
356.236217 969.261544
356.356750 969.260421
356.362916 969.256633
356.450190 969.256124
356.459231 969.236484
356.465032 969.236264
356.473121 969.231057
356.478683 969.225631
356.479767 969.225274
356.482126 969.224778
356.482431 969.223082
356.483686 969.222123
356.483948 969.221458
356.484056 969.220935
356.484872 969.220630
356.485171 969.218648
356.498614 969.131625
356.498640 969.131369
356.498643 969.120041
356.498644 969.110394
356.498924 969.105115
356.498965 969.101002
356.655005 969.077832
356.701190 968.950407
356.703858 968.787215
358.036123 968.647502
358.213887 968.643264
359.182433 968.591503
361.139012 968.569302
361.161953 968.567155
361.173324 968.566989
361.186162 968.566929
361.187713 968.566752
361.187997 968.566703
361.189987 968.566195
361.190212 968.566037
361.190386 968.565945
361.194765 968.565732
361.199516 968.565713
361.772408 968.523563
361.981274 968.498233
363.427948 968.470490
363.679726 968.419285
363.776323 968.055120
363.777539 968.035743
363.778295 967.890516
363.778700 967.869999
363.778845 967.864940
363.779099 967.861956
366.001165 961.176531
368.055281 960.952304
368.055971 960.952121
368.057347 960.951843
368.057369 960.951197
368.057633 960.947570
368.058064 960.947208
368.059982 960.946634
368.061616 960.717755
368.062869 959.367780
368.062896 958.914651
368.062917 958.682970
368.063944 958.395662
368.065021 958.389368
368.066251 958.351019
368.066627 958.320406
368.066692 958.319849
368.066697 958.317373
368.066831 958.309704
368.101343 958.239521
368.105431 956.432543
368.112217 955.794733
368.116488 954.512691
368.152569 954.200303
368.279212 950.033457
368.280395 949.628801
368.280449 949.395502
368.281146 949.378549
368.281171 949.370808
368.281225 949.342962
368.281409 949.274655
368.283192 949.273983
368.283364 949.273926
368.283365 949.273828
368.283374 949.273640
368.283449 949.273571
368.290746 949.271704
368.293903 949.262437
368.295130 949.121319
368.295137 949.119484
368.295139 949.114627
368.296133 949.108388
368.297213 948.751923
368.297537 948.720995
368.298674 948.661968
368.299060 948.654811
368.299387 948.651091
368.299490 948.640333
368.299512 948.638556
368.299877 948.637405
368.300161 948.603688
368.301491 948.538228
368.301793 948.303657
368.302031 948.043959
368.302316 948.037687
368.319685 948.037295
368.340340 948.017984
368.340668 948.013452
368.340681 948.013246
368.340692 948.013131
368.341111 948.013050
368.346948 948.010945
368.352540 948.010331
368.352564 948.009516
368.357838 947.993010
368.485138 947.986653
368.489694 947.978060
368.493988 947.977484
368.503067 947.976569
368.506040 947.730414
368.506048 947.564306
368.506587 947.300277
368.535144 947.258556
368.535188 947.257589
368.536371 947.257541
368.610057 947.253949
368.614978 947.221513
368.615595 946.707974
368.615729 946.606229
368.615770 946.559159
368.615876 946.554347
368.615928 946.540473
368.616023 945.692344
368.616027 945.589207
368.616034 945.586853
368.619266 944.199741
368.620876 944.171921
368.625683 944.158727
368.629537 944.152928
368.630079 944.137644
368.663366 940.639423
368.701471 940.371503
368.735563 940.359269
368.774267 940.342644
368.779464 940.327220
368.790953 939.027099
368.825966 936.748595
369.082977 936.633536
369.104663 936.510083
369.135821 936.505771
369.136078 936.502849
369.136204 936.449748
369.138908 936.427206
369.149234 936.354550
369.245436 935.918630
369.424318 934.339283
369.528461 933.974509
369.540429 933.965765
369.576358 933.928969
369.576460 933.923309
369.576550 933.920715
369.581509 933.920588
369.606593 933.771395
369.616972 933.011524
371.371510 932.681388
372.461943 932.119954
372.461946 931.492003
372.461948 931.489131
372.461949 931.424028
372.461951 931.383641
372.461951 931.297931
372.461951 931.282914
372.461951 931.276910
372.461955 930.555693
372.462168 930.546266
372.465202 929.907516
372.474354 928.985634
372.481577 928.939558
372.481751 928.932710
372.481982 928.910805
372.482315 928.910642
372.482637 928.910558
372.482638 928.909864
372.482642 928.908047
372.482644 928.902953
372.483713 928.896658
372.483847 928.882420
372.485341 928.868934
372.530974 928.732970
372.535645 928.725847
372.535712 928.725362
372.536207 928.725119
372.536512 928.706147
372.536696 928.422943
372.543649 928.401534
372.556715 928.324653
372.563094 928.241391
372.615136 927.737723
372.639360 927.508586
372.685970 926.219219
372.781945 923.368108
372.786996 921.844178
372.792824 921.027306
372.795366 921.020423
372.796513 920.989363
372.824516 920.714575
372.829572 920.704033
373.089081 920.683876
373.107519 920.675715
373.122973 920.673120
373.126867 920.663294
373.128075 920.659309
373.131977 920.655908
373.133226 920.653128
373.133244 920.651549
373.133249 920.649647
373.165436 920.577175
373.172710 920.409300
373.176061 920.408697
373.179445 920.404902
373.194457 920.377050
373.198555 919.924506
373.203920 919.735795
373.239004 919.236033
373.437612 917.992545
373.662885 913.997742
374.604514 913.996054
375.121076 913.993726
375.126912 913.993726
375.130957 913.993726
375.132540 913.993726
375.134086 913.993726
375.134659 913.993726
375.134734 913.993726
375.134750 913.993726
375.135303 913.993726
375.135634 913.993725
375.148283 913.993725
375.152389 913.993725
375.154345 913.993725
375.159833 913.993725
375.178411 913.993725
375.855227 913.993725
375.858691 913.993725
375.859359 913.993724
375.861252 913.993724
375.864327 913.993724
375.905841 913.993724
375.929648 913.993724
376.336871 913.888391
376.470175 913.861046
376.602701 913.797642
376.611017 913.354807
376.613937 912.979556
376.616361 912.502323
376.617265 910.281827
376.617999 910.057663
376.619427 909.409026
376.634762 909.381711
376.639553 909.283824
376.644597 909.258396
376.646701 909.109661
376.670144 909.056083
376.682109 908.989779
376.684823 908.858729
376.684952 908.853501
376.685614 908.852933
376.689733 908.840012
376.696506 908.824747
376.697464 908.812346
376.702981 908.810872
376.712868 908.805709
377.344787 908.538243
377.421449 907.575239
377.694069 903.454469
377.825364 901.202001
378.293145 900.963736
378.329228 900.524148
378.409119 900.346249
378.415944 899.920839
378.416278 899.805271
378.432631 888.158600
378.434704 888.154181
378.440348 888.097078
378.440378 888.082668
378.440795 888.067056
378.441561 887.998819
378.441575 887.835511
378.441827 887.765983
378.447744 887.245636
378.459796 886.686847
378.483673 886.020263
378.671013 882.623695
379.060965 882.025255
379.080405 881.938278
379.088749 880.920998
379.114519 874.547946
379.163056 873.232405
379.171114 872.987646
379.171852 870.721045
379.173209 870.426157
379.200219 870.291022
379.201635 870.232307
379.202477 870.217928
379.202877 870.215345
379.202944 870.200873
379.202949 870.194646
379.221005 869.873454
379.264858 869.451601
379.270682 869.373404
379.270831 869.284026
379.270865 869.241711
379.271475 869.104399
379.271865 869.094914
379.276523 869.087455
379.279880 869.077815
379.281147 869.066609
379.283950 869.020883
379.283996 868.985095
379.284082 868.909317
379.284485 868.816655
379.290483 868.779501
379.292109 868.758870
379.292597 868.756341
379.293386 868.755747
380.140906 868.587312
380.168886 868.570761
380.304402 868.551351
380.442553 868.543822
380.460391 868.543166
380.478206 868.542558
380.555123 868.336110
380.695673 868.305778
380.703690 868.105149
380.706197 867.990234
383.787364 867.415627
388.889879 866.978648
390.568748 866.924911
391.450911 866.029940
468.802592 856.063202
471.882037 855.382673
486.689228 854.819112
490.131081 854.805698
492.197946 847.686765
536.779073 844.826535
559.762891 841.981089
560.730586 840.854329
568.671415 840.490699
573.521654 840.139793
574.355729 840.097802
585.796386 839.654318
592.802115 839.653336
593.096305 839.652489
594.029898 839.650907
595.390395 839.650578
595.780738 839.644265
599.168948 839.642259
599.623433 839.641781
599.749211 839.639077
646.977015 839.636133
668.959166 839.630112
670.948062 839.428650
670.976187 839.097956
674.552434 835.264310
709.670888 821.616964
726.792860 819.758179
730.922484 817.258318
735.929175 813.506121
743.457265 804.075316
744.244124 765.646098
744.815760 758.254857
745.922899 750.113223
746.071901 746.621985
747.944478 717.405591
747.961173 716.985428
748.054870 716.787988
748.156002 716.696762
748.235144 716.467390
748.250532 716.465884
748.258057 716.431561
748.271947 716.428041
748.273882 716.387910
748.279817 716.326767
748.282186 716.325795
748.282187 716.325657
748.282188 716.325460
748.282201 716.324310
748.283923 716.321500
748.284057 716.320757
748.284202 716.317362
748.284720 716.315346
748.284898 716.314483
748.289031 716.309370
748.296662 716.299435
748.310923 716.069368
748.400968 715.912307
748.451954 715.858766
748.504924 715.844832
748.536236 714.180798
748.536562 713.088914
748.546535 712.960627
748.575595 712.959848
748.585485 712.957209
750.383842 711.992938
751.462404 709.830131
753.014062 703.638472
753.049615 703.624531
753.134139 703.591730
753.343867 703.575024
753.803603 703.453770
753.939748 703.453294
753.949367 703.359322
753.966831 702.720107
754.087789 702.614253
754.221283 702.605282
754.290023 702.591992
754.854964 701.918245
754.941369 701.874282
754.944593 701.866819
754.991386 701.860253
757.143052 701.509150
758.547644 701.141673
758.596829 701.066342
758.598009 701.064817
758.631970 701.064610
758.633959 701.064571
758.721115 701.062520
758.871698 701.057276
759.194459 700.949054
759.325774 700.938498
759.331143 700.906015
759.348516 700.872241
761.519610 683.949674
761.519646 674.955358
761.519764 664.602258
761.529627 664.539031
761.535757 664.531134
761.542218 664.528408
761.547794 662.955329
761.569381 662.667549
761.642553 661.465765
762.673169 661.386945
764.031679 661.376048
768.162808 661.020036
768.367136 660.989409
768.827425 660.766257
769.345273 660.644870
777.637671 659.854274
777.838088 659.844626
777.897232 659.804956
777.938455 659.739490
777.947097 659.738424
777.949808 659.738197
777.949986 659.737878
777.956255 659.736396
777.976785 659.733691
778.074145 659.730064
778.215680 659.728104
778.504137 659.684279
778.513447 659.684273
778.514783 659.684267
778.515092 659.684248
778.515283 659.684230
778.516251 659.684229
778.556384 659.684228
778.619161 659.684228
778.676801 659.684191
779.057864 659.631056
779.058569 659.631051
779.058986 659.631035
779.087065 659.630976
779.091279 659.630974
779.212973 659.630896
779.383941 659.630889
779.499168 659.630884
780.222551 659.630656
780.510534 659.630223
780.538747 659.628557
780.697902 659.627047
780.697991 659.627045
780.698003 659.626936
780.698006 659.626199
780.698006 659.625526
780.698006 659.625463
780.698007 659.625407
780.698007 659.625388
780.698008 659.625371
780.698012 659.625018
780.698012 659.624483
780.698012 659.624474
780.698013 659.624458
780.698073 659.623371
780.699521 659.620585
780.703532 659.620476
780.705420 659.619639
780.709690 659.616730
780.709719 659.616723
780.710395 659.616723
780.710556 659.616722
780.710605 659.616722
780.710636 659.616722
780.711636 659.616722
780.713270 659.616708
780.713654 659.616704
780.713666 659.616704
780.713671 659.616704
780.713681 659.616704
780.713687 659.616704
780.713705 659.616702
780.714458 659.615036
780.738011 659.613188
780.761131 659.613111
780.782331 659.613063
780.832086 659.611703
780.932576 659.549361
780.992928 659.478495
781.006932 659.476564
781.007516 659.475807
781.008893 659.474973
781.008907 659.470327
781.008907 659.470296
781.008908 659.470289
781.008923 659.468281
781.008936 659.467988
781.009022 659.467252
781.009028 659.464635
781.098617 659.379843
781.900711 659.360623
782.536304 659.342132
782.550043 659.340515
782.711806 659.339271
783.109145 659.330787
783.125084 659.324622
783.125666 659.320342
783.125818 659.320075
783.127553 659.317283
783.128147 659.315747
783.159710 659.314420
783.160496 659.314327
783.161516 659.314316
783.163940 659.314297
783.165479 659.308688
783.238652 659.277268
783.272387 659.270253
783.277456 659.264919
783.280249 659.262735
784.573773 659.262716
784.947744 659.262699
784.965864 659.262689
785.109155 659.262683
785.316742 659.262668
786.019542 659.262647
786.047552 659.262607
786.057545 659.262598
786.258232 659.262562
786.906360 659.262480
786.908219 659.262477
786.909761 659.262476
786.911046 659.262475
786.921222 659.262474
786.948710 659.262469
786.948858 659.262465
786.952505 659.262460
786.968329 659.262459
786.972253 659.262459
786.981684 659.262458
787.013212 659.262456
787.017873 659.262453
787.027412 659.262444
787.029205 659.262439
787.032134 659.262438
787.034361 659.262438
787.039832 659.262438
787.079568 659.262438
787.080257 659.262438
787.085979 659.262438
787.086145 659.262438
787.086194 659.262438
787.086222 659.262438
787.086225 659.262438
787.086228 659.262438
787.093165 659.262433
787.322098 659.262416
787.354064 659.262376
787.441554 659.262368
787.492531 659.262319
787.509914 659.262312
787.518018 659.262311
787.586885 659.262257
787.593547 659.262253
787.807346 659.262212
787.860071 659.262211
787.910466 659.262189
788.080787 659.261444
788.430031 659.261301
788.851577 659.261288
788.861514 659.261286
788.869777 659.261285
788.897071 659.258651
788.912104 659.258341
788.951813 659.258330
788.964894 659.256663
789.287204 659.247757
789.288763 659.247678
789.307702 659.244669
789.308352 659.242687
789.392161 659.242686
789.466860 659.242686
789.642078 659.242547
789.646269 659.242545
789.676344 659.242539
789.684138 659.242507
789.712371 659.242503
789.878234 659.242480
789.884368 659.242331
789.884949 659.242146
789.885463 659.242145
789.891013 659.242123
789.893097 659.242110
789.912948 659.241638
789.914751 659.241638
789.914983 659.241638
789.922342 659.241638
789.929441 659.241637
789.929669 659.241635
789.929805 659.241635
789.929845 659.241635
789.929852 659.241635
789.930258 659.241598
789.930275 659.241590
789.930419 659.241572
789.944145 659.241502
790.007791 659.241501
790.014800 659.241286
790.017372 659.241123
790.017730 659.241122
790.018663 659.241122
790.020026 659.241121
790.020325 659.241121
790.020736 659.241121
790.020742 659.241121
790.020796 659.241121
790.020836 659.241121
790.020848 659.241121
790.020851 659.241121
790.020856 659.241121
790.020861 659.241121
790.020867 659.241120
790.020868 659.241120
790.020869 659.241120
790.020869 659.241120
790.020872 659.241120
790.020875 659.241120
790.020875 659.241120
790.021081 659.241114
790.038168 659.241073
790.051357 659.240891
790.058243 659.240890
790.059821 659.240890
790.062665 659.240873
790.075003 659.240732
790.097949 659.240664
790.114607 659.240601
790.114643 659.240600
790.114761 659.240599
790.114773 659.240598
790.114823 659.240596
790.114823 659.240596
790.114823 659.240596
790.114824 659.240596
790.114825 659.240596
790.114839 659.240596
790.114847 659.240595
790.114847 659.240595
790.114847 659.240595
790.114861 659.240595
790.114937 659.240592
790.115080 659.240591
790.115233 659.240588
790.115319 659.240569
790.115366 659.240561
790.115416 659.240560
790.115510 659.240558
790.115521 659.240558
790.115552 659.240558
790.115562 659.240558
790.115564 659.240558
790.115568 659.240557
790.115568 659.240557
790.115568 659.240557
790.115577 659.240557
790.115577 659.240557
790.115577 659.240557
790.115581 659.240557
790.115588 659.240557
790.118775 659.240556
790.119000 659.240551
790.121518 659.240485
790.123982 659.240344
790.128027 659.240212
790.163945 659.240107
790.210657 659.240085
790.210852 659.240084
790.213851 659.240084
790.216591 659.240084
790.217691 659.240014
790.218593 659.240008
790.219728 659.239913
790.220845 659.239909
790.220849 659.239906
790.220871 659.239904
790.220876 659.239904
790.220882 659.239904
790.220891 659.239886
790.221029 659.239876
790.221038 659.239873
790.221056 659.239873
790.221072 659.239872
790.222093 659.239871
790.222836 659.239871
790.223828 659.239870
790.230532 659.239867
790.237003 659.239866
790.243182 659.239777
790.252536 659.239755
790.256785 659.239749
790.258119 659.239740
790.258292 659.239687
790.258443 659.239684
790.258472 659.239671
790.259123 659.239667
790.259731 659.239667
790.260195 659.239666
790.260939 659.239665
790.262303 659.239664
790.262515 659.239588
790.267649 659.239563
790.267670 659.239557
790.267671 659.239557
790.267673 659.239550
790.267710 659.239518
790.316050 659.239498
790.318494 659.239496
790.326579 659.239482
790.332451 659.239380
790.333511 659.239353
790.340964 659.239289
790.350759 659.239205
790.413861 659.239183
790.421680 659.238834
790.421704 659.238739
790.421727 659.238737
790.421814 659.238736
790.421816 659.238733
790.421816 659.238730
790.421834 659.238729
790.421859 659.238728
790.421872 659.238726
790.421887 659.238722
790.421940 659.238655
790.421974 659.238632
790.421977 659.238608
790.422149 659.238605
790.423039 659.238602
790.423174 659.238601
790.423612 659.238594
790.423613 659.238594
790.423613 659.238594
790.423613 659.238594
790.423613 659.238594
790.423613 659.238593
790.423614 659.238581
790.423614 659.238549
790.423614 659.238549
790.423614 659.238549
790.423614 659.238544
790.423615 659.238543
790.423616 659.238542
790.423617 659.238530
790.423619 659.238529
790.423622 659.238529
790.423628 659.238525
790.423628 659.238523
790.423630 659.238462
790.423630 659.238462
790.423630 659.238462
790.423630 659.238462
790.423630 659.238462
790.423630 659.238462
790.423630 659.238462
790.423630 659.238462
790.423630 659.238460
790.423630 659.238460
790.423630 659.238460
790.423630 659.238460
790.423630 659.238460
790.423630 659.238460
790.423630 659.238460
790.423630 659.238454
790.423630 659.238453
790.423630 659.238450
790.423630 659.238449
790.423630 659.238449
790.423631 659.238449
790.423631 659.238449
790.423631 659.238449
790.423631 659.238446
790.423631 659.238446
790.423631 659.238446
790.423631 659.238446
790.423631 659.238445
790.423631 659.238445
790.423631 659.238445
790.423631 659.238443
790.423631 659.238443
790.423631 659.238443
790.423631 659.238429
790.423631 659.238426
790.423631 659.238393
790.423631 659.238389
790.423631 659.238387
790.423631 659.238387
790.423631 659.238387
790.423631 659.238386
790.423631 659.238386
790.423631 659.238385
790.423631 659.238385
790.423631 659.238385
790.423631 659.238384
790.423631 659.238384
790.423631 659.238384
790.423631 659.238384
790.423631 659.238383
790.423631 659.238383
790.423631 659.238383
790.423631 659.238383
790.423631 659.238383
790.423631 659.238383
790.423631 659.238383
790.423631 659.238383
790.423631 659.238383
790.423631 659.238383
790.423632 659.238383
790.423632 659.238383
790.423632 659.238383
790.423632 659.238382
790.423632 659.238382
790.423632 659.238382
790.423632 659.238382
790.423632 659.238382
790.423632 659.238382
790.423632 659.238382
790.423633 659.238382
790.423633 659.238382
790.423633 659.238382
790.423634 659.238382
790.423635 659.237685
790.423635 659.237665
790.423635 659.237614
790.423635 659.237465
790.423636 659.237422
790.423636 659.237410
790.423642 659.237410
790.423642 659.237409
790.423642 659.237409
790.423644 659.237409
790.423644 659.237409
790.423645 659.237407
790.423646 659.237407
790.423646 659.237407
790.423646 659.237406
790.423647 659.237406
790.423647 659.237398
790.423648 659.237390
790.423648 659.237390
790.423648 659.237389
790.423648 659.237389
790.423649 659.237251
790.423652 659.237197
790.423652 659.237159
790.423653 659.237157
790.423653 659.237081
790.423654 659.237069
790.423839 659.236541
790.423860 659.236322
790.423889 659.236321
790.423889 659.236321
790.423889 659.236321
790.423890 659.236321
790.423897 659.236321
790.423904 659.236321
790.423931 659.236321
790.423958 659.236317
790.424010 659.236317
790.424011 659.236317
790.424011 659.236316
790.424011 659.236316
790.424012 659.236314
790.424012 659.236313
790.424013 659.236310
790.424013 659.236309
790.424024 659.236307
790.424024 659.236306
790.424029 659.236304
790.424029 659.236304
790.424029 659.236304
790.424033 659.236304
790.424035 659.236304
790.424036 659.236303
790.424038 659.236303
790.424040 659.236298
790.424041 659.236297
790.424060 659.236289
790.424087 659.236260
790.424092 659.236217
790.424095 659.236163
790.424096 659.236123
790.440741 659.236118
790.441419 659.236118
790.449605 659.236118
790.453664 659.236116
790.459294 659.236111
790.545552 659.236108
790.586609 659.236094
791.397307 659.103736
791.399623 658.727854
791.399743 658.674977
791.399748 658.645205
791.399752 658.608072
791.399760 658.542769
791.399771 658.523839
791.399912 658.367576
791.400071 658.335844
791.400128 658.320130
791.400875 658.314019
791.400911 658.312580
791.402284 658.085493
791.402437 658.083116
791.403487 658.081425
791.404916 657.940410
791.405191 657.843605
791.441353 657.840807
791.551735 657.835042
791.604915 657.782712
791.605262 657.762680
792.085994 657.566308
792.086911 657.304299
792.086950 657.276391
792.088389 657.231938
792.092043 657.203384
792.092062 657.202964
792.092077 657.202772
792.092400 657.201236
792.092403 657.201224
792.092403 657.201222
792.092417 657.201211
792.093025 657.201209
792.093050 657.174287
792.093160 657.172829
792.093550 657.172713
792.167083 657.172632
792.167655 657.172383
792.170925 657.171786
792.175362 657.171377
792.175368 657.171329
792.175586 657.171326
792.176092 657.171296
792.176358 657.170920
792.176870 657.170895
792.176871 657.170895
792.177225 657.170887
792.178421 657.170831
792.179746 657.170808
792.179817 657.170116
792.181422 657.169411
792.181886 657.169336
792.182116 657.165277
792.183108 657.165140
792.185274 657.163305
792.191627 657.159868
792.192265 657.159006
792.196176 657.158845
792.209003 657.158623
792.214656 657.158020
792.216186 657.157907
792.216845 657.157877
792.218535 657.157709
792.227861 657.157580
792.227877 657.157577
792.227877 657.157017
792.227877 657.156774
792.230811 657.155970
792.233438 657.155584
792.237245 657.155122
792.242293 657.152219
792.246184 657.146171
792.248621 657.126355
792.249121 657.126286
792.249228 657.126283
792.249934 657.126282
792.250708 657.126264
792.252062 657.126260
792.252621 657.126246
792.252625 657.126236
792.252644 657.126234
792.252661 657.125137
792.252686 657.125120
792.252720 657.125056
792.253808 657.125019
792.255396 657.124592
792.258479 657.124565
792.274335 657.086980
792.281626 656.905113
792.281873 656.901937
792.282185 656.901303
792.282394 656.843475
792.285462 656.831854
792.285504 656.819365
792.285506 656.818390
792.285574 656.815150
792.285586 656.813678
792.285603 656.809660
792.285625 656.808149
792.285631 656.807566
792.287773 656.762972
792.288490 656.757032
792.311472 656.730941
792.311842 656.729296
792.315569 656.722030
792.316110 656.711602
792.318869 656.486158
792.318900 656.475617
792.318905 656.473405
792.318913 656.473372
792.318950 656.473350
792.319102 656.472614
792.319366 656.467476
792.319380 656.466849
792.319382 656.466841
792.319401 656.466839
792.319412 656.466831
792.319412 656.466831
792.319412 656.466830
792.319412 656.466829
792.319412 656.466829
792.319413 656.466829
792.319414 656.466829
792.319414 656.466829
792.319414 656.466829
792.319441 656.466608
792.319454 656.466358
792.319458 656.465430
792.319459 656.465428
792.319460 656.465427
792.319460 656.465426
792.319460 656.465426
792.319554 656.465423
792.319556 656.465420
792.319557 656.465419
792.319565 656.465419
792.319615 656.465268
792.319949 656.465265
792.319979 656.465255
792.320003 656.465253
792.320019 656.465243
792.320305 656.465170
792.320336 656.465097
792.322095 656.465064
792.322275 656.465002
792.322303 656.464606
792.322383 656.464597
792.322480 656.464502
792.323082 656.464436
792.323427 656.464431
792.323806 656.464385
792.325505 656.464317
792.325634 656.464247
792.325783 656.464244
792.326695 656.464241
792.326769 656.463853
792.327045 656.463804
792.327099 656.463779
792.327200 656.463731
792.327202 656.463731
792.327219 656.463675
792.330281 656.463551
792.330297 656.463550
792.330359 656.463095
792.332420 656.462280
792.332549 656.461378
792.332686 656.461145
792.332861 656.460420
792.335580 656.383983
792.336550 656.383971
792.342393 656.383911
792.346607 656.383906
792.356676 656.383880
792.364707 656.383861
792.371949 656.383860
792.376163 656.383860
792.389238 656.283268
792.390008 656.282335
792.390213 656.261529
792.390473 656.166632
792.397044 656.068859
792.397540 656.066335
792.399102 656.055759
792.399104 656.055757
792.399117 656.055716
792.399125 656.045423
792.399218 656.040266
792.399240 656.038890
792.399240 656.038583
792.399242 656.038419
792.399243 656.038367
792.399243 656.038356
792.399243 656.036854
792.399243 656.036831
792.399244 656.035278
792.399245 656.034709
792.399249 656.034549
792.399252 656.034380
792.399252 656.034178
792.399254 656.033988
792.399256 656.033978
792.399271 656.033779
792.399279 656.033668
792.399282 656.032593
792.411629 656.015097
792.437592 655.312585
792.443857 655.205313
792.444542 655.023573
792.445803 654.803871
792.450989 654.757007
792.451033 654.756868
792.451064 654.756189
792.451730 654.753814
792.453199 654.749909
792.453640 654.749737
792.456090 654.749524
792.460260 654.742232
792.460836 654.739305
792.461516 654.737913
792.461748 654.736063
792.461992 654.736004
792.462792 654.736001
792.463394 654.735971
792.463722 654.734674
792.463808 654.733061
792.463914 654.732760
792.465148 654.732029
792.465387 654.729808
792.465598 654.728491
792.465615 654.721419
792.465646 654.718382
792.465673 654.715613
792.465675 654.713052
792.465675 654.712078
792.465676 654.711245
792.465676 654.706219
792.465676 654.690412
792.465685 654.667987
792.465687 654.619660
792.465687 654.619143
792.465687 654.617810
792.465690 654.616044
792.465690 654.612131
792.465691 654.607096
792.465692 654.603295
792.465763 654.565118
792.465785 654.546831
792.468079 654.543032
792.469934 654.515143
792.470541 654.507153
792.470613 654.018250
792.470631 653.809099
792.477268 653.809024
792.477795 653.809014
792.478173 653.809005
792.478662 653.808844
792.481457 653.808466
792.486140 653.759546
792.498034 653.754457
792.500367 653.751071
792.501062 653.749006
792.524855 653.744083
792.532821 653.737948
792.535122 653.734852
792.536038 653.724215
792.536070 653.722013
792.536084 653.721986
792.536088 653.721952
792.536107 653.721939
792.536131 653.721938
792.536141 653.721928
792.536974 653.721299
792.537233 653.721058
792.537329 653.719230
792.537381 653.718711
792.537402 653.718144
792.537681 653.718108
792.538167 653.718049
792.539177 653.716923
792.539399 653.716365
792.539430 653.716282
792.539450 653.716248
792.539468 653.716208
792.539473 653.716205
792.539498 653.716194
792.539503 653.716192
792.539504 653.716191
792.539527 653.716189
792.539614 653.716129
792.539657 653.714745
792.539661 653.710813
792.539725 653.710338
792.540158 653.709932
792.540565 653.709709
792.540890 653.709573
792.542302 653.707522
792.546594 653.705582
792.546708 653.705395
792.548205 653.698417
792.554062 653.670225
792.554260 653.665482
792.556685 653.665009
792.588930 653.657493
792.592588 653.657327
792.593018 653.656066
792.593076 653.655711
792.593080 653.655706
792.593146 653.654054
792.593146 653.651736
792.593146 653.651334
792.596198 653.651062
792.598820 653.650608
792.616146 653.647325
792.671755 653.641564
792.839558 653.641273
793.301908 653.324103
793.588331 652.737493
793.588593 652.734823
793.591316 652.682544
793.591393 652.675639
793.591412 652.672314
793.591513 652.664809
793.592313 652.628118
793.592356 652.626600
793.592363 652.620312
793.592457 652.606265
793.592517 652.594286
793.602562 652.530359
793.602838 652.521771
793.607952 652.492127
793.612835 652.425120
793.620808 652.424923
793.620869 652.397564
793.621334 652.388102
793.621422 652.378265
793.649311 652.219526
793.649620 652.214640
793.649705 652.209406
793.649773 652.208921
793.649886 652.208861
793.649892 652.208050
793.649894 652.208049
793.649896 652.208048
793.649900 652.208047
793.649903 652.208047
793.649904 652.208047
793.649904 652.208047
793.649904 652.208047
793.649911 652.207607
793.649920 652.207606
793.649931 652.207606
793.649960 652.207606
793.649968 652.207606
793.649970 652.207606
793.649970 652.207605
793.649973 652.207605
793.649977 652.207597
793.649978 652.207593
793.649983 652.207572
793.649994 652.204284
793.649997 652.204090
793.650000 652.203108
793.650004 652.202452
793.650011 652.202090
793.650107 652.201981
793.650238 652.201826
793.650263 652.201477
793.650279 652.201144
793.650280 652.201128
793.650281 652.200928
793.650282 652.200918
793.650283 652.200907
793.650289 652.200907
793.650289 652.200907
793.650289 652.200907
793.650289 652.200907
793.650290 652.200907
793.650290 652.200907
793.650293 652.200907
793.650293 652.200907
793.650295 652.200907
793.650295 652.200907
793.650295 652.200906
793.650295 652.200905
793.650295 652.200543
793.650295 652.200521
793.650295 652.200518
793.650295 652.200489
793.650295 652.200488
793.650295 652.200485
793.650295 652.200485
793.650295 652.200485
793.650295 652.200484
793.650295 652.200483
793.650295 652.200483
793.650295 652.200483
793.650295 652.200483
793.650295 652.200482
793.650298 652.200473
793.650300 652.200473
793.650300 652.200473
793.650300 652.200473
793.650300 652.200473
793.650300 652.200473
793.650300 652.200472
793.650301 652.200472
793.650301 652.200472
793.650301 652.200472
793.650301 652.200472
793.650301 652.200472
793.650301 652.200472
793.650301 652.200472
793.650319 652.200469
793.650366 652.200462
793.650371 652.200457
793.650400 652.200447
793.650405 652.200344
793.650406 652.200325
793.650431 652.200170
793.650435 652.200103
793.650441 652.200093
793.650450 652.200088
793.650453 652.200085
793.650455 652.200083
793.650550 652.200064
793.650564 652.200059
793.650611 652.200032
793.650859 652.200032
793.651093 652.200005
793.651423 652.200001
793.651424 652.199998
793.651424 652.199996
793.651431 652.199996
793.651502 652.199962
793.651749 652.199895
793.651973 652.199765
793.652083 652.199625
793.652316 652.199596
793.652378 652.199574
793.652478 652.199272
793.652479 652.199147
793.652491 652.198942
793.652541 652.198736
793.652634 652.198723
793.652634 652.198710
793.652865 652.198683
793.652915 652.198519
793.653267 652.198501
793.653270 652.198356
793.653272 652.198308
793.653272 652.198273
793.653272 652.198272
793.653291 652.198271
793.653303 652.198269
793.653310 652.198237
793.653488 652.198222
793.653645 652.198213
793.653668 652.198209
793.653683 652.198138
793.653686 652.198072
793.653853 652.198013
793.655132 652.197983
793.655137 652.197957
793.655139 652.197923
793.655140 652.197899
793.655143 652.197888
793.657341 652.197865
793.657677 652.197851
793.672821 652.197851
793.678016 652.197850
793.686725 652.197850
793.689143 652.197847
793.691495 652.197845
793.691533 652.197845
793.693702 652.197844
793.695141 652.197841
793.700956 652.197841
793.702331 652.197840
793.703723 652.197840
793.704331 652.197840
793.704696 652.197840
793.704891 652.197840
793.789573 652.197794
793.795627 652.197793
793.815789 652.197791
793.858729 652.197791
793.859982 652.197790
793.861718 652.197789
793.863184 652.197788
793.864478 652.197788
793.872700 652.197788
793.873422 652.197788
793.875411 652.197788
793.877431 652.197787
793.882786 652.197786
793.894343 652.197786
793.894394 652.197722
793.901685 652.197698
794.034220 652.197617
794.178410 652.196889
794.178412 652.196882
794.178412 652.196879
794.178414 652.196877
794.178941 652.196855
794.179153 652.196855
794.179376 652.196833
794.179529 652.196671
794.179686 652.196602
794.179834 652.196598
794.179852 652.196595
794.194436 652.196301
794.195949 652.196290
794.196241 652.196269
794.197540 652.196258
794.206207 652.196038
794.206220 652.196032
794.206222 652.196028
794.206254 652.196016
794.206284 652.196000
794.206302 652.195993
794.206306 652.195991
794.206394 652.195987
794.206489 652.195985
794.206568 652.195982
794.207219 652.195981
794.207621 652.195980
794.207633 652.195980
794.207636 652.195979
794.207739 652.195977
794.207739 652.195963
794.207897 652.195963
794.207940 652.195963
794.208387 652.195963
794.208387 652.195963
794.208389 652.195963
794.208389 652.195963
794.208389 652.195962
794.208390 652.195962
794.208390 652.195962
794.208412 652.195962
794.208414 652.195959
794.208416 652.195959
794.208418 652.195958
794.208430 652.195958
794.208431 652.195957
794.208448 652.195957
794.208449 652.195957
794.208449 652.195957
794.208450 652.195955
794.208450 652.195954
794.214057 652.195938
794.335910 652.195937
794.348214 652.195930
794.351207 652.195621
794.381563 652.195488
794.381874 652.195486
794.381878 652.195486
794.381900 652.195486
794.381910 652.195486
794.381911 652.195486
794.381995 652.195486
794.382017 652.195486
794.382042 652.195486
794.382049 652.195486
794.382090 652.195486
794.382098 652.195486
794.382098 652.195485
794.382098 652.195485
794.382102 652.195485
794.382103 652.195484
794.382103 652.195484
794.382107 652.195482
794.382107 652.195482
794.382107 652.195482
794.382107 652.195481
794.382108 652.195481
794.382114 652.195481
794.382680 652.195478
794.383143 652.195474
794.383653 652.195473
794.383693 652.195473
794.383696 652.195473
794.386208 652.195473
794.432687 652.194267
794.443757 652.193559
794.444386 652.193529
794.444404 652.193504
794.444484 652.193487
794.444739 652.193255
794.456478 652.192176
794.483466 652.191742
794.498197 652.191742
794.502998 652.191742
794.503825 652.191733
794.506585 652.191718
794.518956 652.188651
794.534615 652.182583
794.537262 652.181588
794.539019 652.181286
794.672833 652.170456
794.672850 652.170431
794.672872 652.170431
794.672913 652.170430
794.672931 652.170396
794.672957 652.170391
794.673053 652.170386
794.673056 652.170386
794.673059 652.170386
794.673095 652.170386
794.673339 652.170383
794.673450 652.170383
794.673460 652.170381
794.673500 652.170381
794.673514 652.170197
794.673558 652.170186
794.673568 652.170166
794.675816 652.170153
794.714569 652.170141
794.727082 652.169513
794.727508 652.168952
794.727599 652.168503
794.731864 652.167997
794.770143 652.167408
794.776558 652.167344
794.777196 652.167025
794.778578 652.165987
794.803521 652.163192
794.804686 652.160732
794.808436 652.156976
794.808516 652.156974
794.808524 652.156970
794.808609 652.156970
794.808682 652.156969
794.808925 652.156581
794.809077 652.156157
794.809164 652.156133
794.809641 652.155489
794.816562 652.154945
794.925427 652.154098
795.026922 652.151445
795.027573 652.129767
795.027628 652.127942
795.027898 652.126806
795.034654 652.126526
795.036753 652.126299
795.042477 652.125927
802.655228 513.486644
804.174114 513.190186
810.913750 512.781644
869.965732 512.359977
870.259730 512.306515
870.443466 512.281369
870.450497 511.924645
870.460616 511.502182
870.919371 511.485174
871.078890 511.484585
871.095860 511.481281
871.186394 511.477629
871.200452 511.473705
871.308002 511.465905
871.399167 511.465041
871.531400 511.453548
872.224262 510.918852
872.231037 510.916559
872.231329 510.916100
872.231819 510.915501
872.232182 510.914565
872.232220 510.914555
872.232241 510.914399
872.237479 510.833829
872.240434 510.809918
872.242292 510.808192
872.522951 510.628251
872.536650 510.541683
873.266060 510.541596
873.645868 510.541577
873.645925 510.541556
873.646122 510.541504
874.301910 510.437509
874.350173 495.587401
874.353655 487.896512
874.356091 486.750382
874.357666 486.174554
874.359118 483.759698
874.373292 482.266416
874.424520 481.947999
874.425541 477.469788
874.429264 474.520047
874.619024 451.532718
874.880703 448.793112
875.052827 441.828197
876.022234 436.443008
876.217641 422.953985
876.976917 411.838827
878.254255 411.493800
878.314516 410.876831
883.151212 377.619649
883.589092 376.145308
884.992543 375.749061
884.992572 374.008393
884.992650 373.909209
884.992705 373.899778
884.992997 373.894422
884.993402 373.838556
885.004197 373.837021
885.020795 373.836002
885.051498 373.832503
885.109919 373.799678
885.259961 371.520163
885.306823 368.370001
885.555107 361.277661
885.558142 361.181482
885.563606 360.311719
885.564231 360.291275
885.616037 357.844869
885.665418 357.807426
886.119096 357.729081
886.225287 356.922168
886.280711 356.728954
887.437185 356.609964
889.535478 355.463542
893.895280 352.436483
897.544058 351.773153
905.318492 349.986674
906.572610 344.839730
907.639613 333.644823
941.754172 331.392249
990.924830 328.915359
993.482272 274.764697
993.629276 234.680657
993.701809 232.679140
