2000.000000 2.000000
2.225760 988.939596
2.410022 981.193187
4.396617 977.408511
11.262155 977.276332
12.442905 971.718572
23.694800 947.671672
48.463535 908.307581
49.301079 907.916561
73.824148 887.943610
89.470381 885.938853
91.916280 869.264361
99.133784 848.034063
141.334708 800.255840
141.675503 799.462228
142.869881 798.941643
142.922584 798.932544
143.164837 798.577378
143.219927 798.547689
146.161557 798.209642
146.462693 798.089492
147.726694 797.728721
148.056663 794.782197
151.594783 794.637989
157.590966 792.551294
159.391393 792.130421
159.663871 791.238958
160.135799 791.237713
160.148613 791.233734
160.178937 791.233675
160.377361 791.233668
160.385622 791.232853
160.633268 791.230511
160.782080 791.228494
162.294882 790.988321
162.337865 789.626798
162.395314 789.519311
162.397217 789.379197
162.397597 789.029199
162.397798 787.817659
162.399093 786.238254
162.417642 785.194780
162.420166 785.190994
162.420381 785.188875
162.420865 785.188377
162.429367 785.182913
162.433944 785.152849
162.441483 785.089356
162.445202 785.077278
162.448477 785.059122
162.448548 785.010844
162.449727 785.002920
162.454359 785.001206
162.456199 785.000820
162.487953 783.177976
162.531395 780.392394
162.550646 774.545236
162.574105 774.525488
162.617040 774.453483
162.699268 774.451521
162.706224 774.410307
162.887658 774.410031
162.888385 774.409750
162.891780 774.409114
162.908570 774.409039
162.911476 774.409018
163.877523 774.362115
163.888118 774.339824
163.894968 774.336066
163.954394 774.330770
164.004640 774.326264
164.064456 774.308088
164.810280 774.303757
164.930329 774.290713
191.365362 774.241638
193.623090 773.972642
204.505723 773.926025
321.624259 773.925261
384.588137 773.923604
410.210637 773.465317
421.721737 773.267908
499.498425 771.782933
547.842884 765.688801
548.475322 764.304823
548.482895 764.022153
548.535071 763.578984
549.022872 760.295736
550.319918 753.462101
550.345812 749.644818
550.353695 746.621731
550.406495 746.443578
550.438639 746.324672
550.489842 738.594629
550.591281 727.658101
550.600631 717.091031
550.638232 716.650979
551.013509 716.503064
551.059052 677.924580
551.251039 645.493067
551.615466 632.894299
551.624988 613.940820
551.653286 496.857930
568.768209 441.285536
568.772018 439.920505
568.780169 439.507538
568.782883 438.996145
568.788029 417.852018
576.216691 325.507647
577.516300 314.961086
578.223547 312.367885
578.985456 285.953757
598.142006 280.251110
599.512766 279.051043
599.913609 277.276127
602.047806 267.089858
604.094106 254.470328
630.075897 224.606220
630.132030 224.305270
630.284151 223.714373
633.029437 223.407219
637.106013 223.128299
639.762762 221.018024
641.848349 219.932205
646.608557 219.812805
646.835371 219.628592
648.372310 219.582016
648.874108 219.563694
655.480679 219.523347
658.049586 219.173513
658.598446 219.165150
667.622144 219.143530
668.409598 219.109667
669.934815 219.079384
669.963883 218.911900
676.811019 218.886634
678.333517 218.861640
704.117021 218.154737
709.817197 196.972547
715.133516 195.152929
718.326018 194.412427
720.072706 191.646645
720.831849 191.626099
723.018252 191.625686
723.032468 191.592118
731.490401 190.205522
734.156691 184.653897
785.739064 177.601116
785.742427 177.185350
785.758581 177.021503
785.758583 177.004416
785.758583 177.004189
785.758583 177.003168
785.758586 176.986499
785.758604 176.983702
785.758614 176.967911
785.758614 176.692545
785.758614 175.706362
785.758616 175.042056
785.759022 174.769757
785.759190 174.036186
786.740943 173.536127
787.628645 171.212550
790.069209 168.877957
790.070425 168.877936
790.073348 168.877649
790.081641 168.877293
790.096690 168.876573
790.142883 168.875595
790.145518 168.875579
790.150764 168.875573
790.152239 168.875554
790.153338 168.866331
790.153338 168.865638
790.153338 168.865191
790.153339 168.865184
790.153340 168.864986
790.153340 168.864817
790.153340 168.863430
790.153340 168.861558
790.153340 168.861191
790.153341 168.861145
790.153341 168.861145
790.153341 168.861145
790.153341 168.861144
790.153341 168.857258
790.153343 168.856686
790.153359 168.856064
790.153408 168.855288
790.153497 168.852438
790.154628 168.852072
791.359606 167.112868
792.386880 161.802642
792.728288 158.999294
794.194166 157.012019
794.221269 157.009152
794.248491 156.990637
794.398815 156.961648
794.581746 156.958548
794.654811 156.950152
796.503696 156.867531
796.755443 155.694151
796.813074 153.125080
796.872516 152.945868
796.955916 151.463896
797.015508 150.650576
797.061695 150.351542
797.303280 149.978812
797.406325 149.970793
797.504532 149.933349
797.505873 146.859546
822.054187 146.575142
822.486379 146.575138
822.525009 146.575138
822.599610 146.575137
822.673240 146.575137
822.673287 146.575137
822.673474 146.575137
822.675290 146.575137
822.677348 146.575137
822.677876 146.575137
822.679790 146.575137
822.697019 146.575136
823.211081 146.575126
823.969625 146.575118
825.305841 146.575018
830.040531 146.574852
832.403944 146.574847
832.597727 146.574821
832.615781 146.574789
838.467026 146.574784
838.769868 146.574783
839.211330 146.574782
839.418795 146.574781
839.555835 146.574780
840.279637 146.574780
840.280902 146.574778
840.281131 146.574777
840.286832 146.574773
840.300391 146.574749
840.382585 146.574746
840.389874 146.574740
840.466342 146.574733
840.466675 146.574733
840.468876 146.574733
840.471729 146.574733
840.471819 146.574728
840.486961 146.574728
840.558398 146.574727
840.568919 146.574727
840.576892 146.574708
840.861399 146.574694
840.875049 146.574651
841.330319 146.574638
841.768349 146.574637
842.603766 146.574636
844.251300 146.574597
844.251364 146.574594
844.251455 146.574563
844.251457 146.574504
844.251460 146.574502
844.251496 146.574499
844.251508 146.574481
844.251515 146.574476
844.251516 146.574471
844.251578 146.574460
844.251585 146.574402
844.251699 146.574400
844.251732 146.574398
844.251855 146.573968
844.251857 146.573555
844.251857 146.573555
844.251862 146.573554
844.251963 146.573547
844.252204 146.573516
844.252596 146.573332
844.254043 146.573215
844.254284 146.573079
844.254455 146.572961
844.254526 146.572961
844.255240 146.572959
844.255463 146.572956
844.255629 146.572944
844.255645 146.572944
844.255654 146.572943
844.255657 146.572943
844.255744 146.572942
844.255803 146.572935
844.255810 146.572934
844.255843 146.572929
844.256058 146.572910
844.256286 146.572910
844.256329 146.572907
844.256363 146.572903
844.256544 146.572899
844.258245 146.572888
844.259569 146.571965
844.259576 146.571103
844.260080 146.570968
844.279793 146.570621
844.284707 146.570600
844.285226 146.570557
844.298052 146.570547
844.306197 146.570531
844.306644 146.570502
844.310730 146.570462
844.361626 146.570412
844.362986 146.570264
844.375271 146.570206
844.379038 146.570080
844.488791 146.570070
844.683543 146.561013
844.731339 146.540751
845.191915 146.536027
845.259903 146.535543
845.433920 146.535502
845.448202 146.535450
845.454606 146.534900
845.639932 146.533888
845.702174 146.533305
845.951935 146.530482
845.996069 146.528473
846.205843 146.448120
848.966184 146.340435
848.986759 146.340187
848.987716 146.340172
849.004458 146.340172
849.069163 146.338083
849.128551 146.329079
849.156995 146.327538
849.190241 146.325022
849.228644 146.185611
849.584079 146.175109
850.702116 146.168269
850.770886 146.167663
851.003152 146.167514
851.081140 146.166367
851.082967 146.162608
851.083652 146.162603
851.084010 146.162457
851.084621 146.162317
851.084654 146.161682
861.962254 146.159384
862.110104 146.159284
862.184303 146.157602
864.304370 146.156960
876.482980 146.103799
876.716055 146.102791
876.748026 146.102675
876.924986 146.102588
876.927006 146.102547
876.952343 146.102528
876.953780 146.098588
876.953934 144.940188
876.956213 144.336226
876.956385 144.075950
876.956660 143.827410
876.957508 143.614129
876.958203 143.523303
876.959749 143.427699
876.961147 143.303303
876.979688 143.182058
877.361091 142.103551
877.396066 122.138092
877.490295 119.304648
877.894142 119.016887
880.436483 108.180667
880.473894 102.757120
883.880958 102.193039
885.403042 101.967647
885.710621 100.968746
885.767362 100.627143
885.859871 100.354004
885.933424 100.244040
885.939235 100.243547
885.949698 100.242074
885.956255 100.241198
885.956831 100.235818
885.958130 100.233347
885.960560 100.229750
885.960615 100.228892
885.960657 100.227709
885.960792 100.226133
885.960874 100.225154
885.961213 100.224382
885.961661 100.223621
885.962355 100.218997
885.963510 100.217686
885.963594 100.217639
885.963605 100.216872
885.964099 100.215162
885.964139 100.214571
885.964157 100.214249
885.966495 100.213697
885.966669 100.207553
885.967529 100.205093
885.968315 100.203350
885.968857 100.203234
885.969297 100.202552
885.969754 100.202410
885.971204 100.199858
885.972534 100.196229
885.976038 100.191824
885.978771 100.186120
886.008563 100.173615
886.026732 100.155525
886.271580 100.077366
886.276226 100.076524
886.276985 100.075240
886.277110 100.073962
886.277131 100.073925
886.277199 100.073906
886.280034 100.073886
886.297938 100.072415
886.345259 100.066583
886.348351 100.061666
886.348554 100.060868
886.349818 100.059712
886.351086 100.059326
886.355882 100.011336
886.454455 99.994367
886.472150 99.969294
886.542487 99.957154
886.643286 99.952019
886.718065 99.949314
887.753910 99.859119
888.019499 99.610066
888.244301 99.573436
888.364441 99.572866
888.388200 99.562276
888.408146 99.531681
888.411645 99.522530
888.414073 99.516963
888.414346 99.514159
888.415685 99.512597
888.522908 99.494702
890.099032 99.405919
890.437885 99.190996
890.531646 99.172265
890.674538 99.164713
890.711371 99.161994
890.773452 99.161672
890.815242 99.161428
890.998545 99.155868
891.250990 99.144046
891.640242 99.129440
891.662157 98.634970
891.756897 98.483991
891.848849 97.721991
892.041530 96.842548
892.041973 96.839324
892.042716 96.829572
892.043310 96.820946
892.045412 96.819943
892.048939 96.806526
892.056786 96.801241
892.610709 96.561322
892.617856 96.503964
892.626298 96.501931
892.626873 96.498042
892.682232 96.497134
892.801076 96.496735
892.822258 96.494333
892.902961 96.493983
892.936645 96.487818
893.037763 96.486421
893.221511 96.484111
893.230737 96.480697
893.497784 96.460056
893.565163 96.459064
893.603339 96.457041
893.641077 96.450414
899.100781 96.217738
899.149281 96.173066
899.167435 95.813940
899.168280 95.626992
899.185163 95.303116
899.330654 95.228990
899.459654 95.207108
899.551724 95.136044
899.698607 94.139538
901.093969 93.437087
902.413183 91.079232
902.420737 90.568679
902.482833 90.313378
902.543119 87.890859
902.547661 86.611182
902.624011 86.343300
902.781148 86.299747
902.805028 86.159065
902.975071 81.468004
902.977364 81.460921
902.984714 81.428859
902.988347 81.314647
903.018934 81.261804
903.018950 81.259000
903.019055 81.253446
903.020469 81.252129
903.021537 81.246976
903.024169 81.225425
903.024192 81.192018
903.024434 81.189673
903.070716 81.189659
903.074783 81.188136
903.075313 81.186995
903.129721 81.175881
903.143487 81.173100
903.145209 81.172922
903.159637 81.168327
903.415400 80.933784
903.450455 80.931183
903.490793 80.930750
903.542657 80.924598
903.614435 80.914583
903.614840 80.907601
903.625197 80.904966
903.998500 79.810362
904.010497 79.792207
904.059029 79.790152
904.166315 79.788462
904.188987 79.771167
904.190153 79.768854
904.192459 79.768154
904.281428 79.768012
904.311086 79.768003
904.321571 79.767948
904.341082 79.766591
904.428979 79.765883
904.430655 79.765859
904.437196 79.765208
904.438402 79.765176
904.454169 79.765169
904.464588 79.765168
904.476165 79.765168
904.483575 79.764747
904.535324 79.764634
904.541919 79.762338
904.563167 79.762322
904.570233 79.761151
904.591409 79.760994
904.610209 79.760676
904.620482 79.760045
904.628401 79.758577
904.628731 79.756937
904.629093 79.756067
904.633570 79.754833
904.633998 79.751471
904.758888 79.751435
904.870249 79.751269
904.887633 79.751169
904.980956 79.751165
905.012381 79.751146
905.012561 79.749941
905.012866 79.748361
905.012926 79.748311
905.013112 79.747150
905.064566 79.747122
905.141872 79.747119
905.216943 79.744809
906.281486 78.850435
906.794922 78.841109
906.799086 78.817464
906.892875 78.807697
907.147248 78.771228
907.276266 78.123732
907.307679 78.091465
907.430350 78.068773
907.778835 77.921201
907.778901 77.921147
907.778914 77.921121
907.778938 77.921116
907.778952 77.921108
907.778982 77.921099
907.779018 77.920636
907.779048 77.920603
907.779090 77.920572
907.779144 77.920548
907.779209 77.920548
907.779210 77.920548
907.779212 77.920548
907.779214 77.920548
907.779346 77.920548
907.804580 77.920521
907.806284 77.920520
907.809905 77.920477
907.812311 77.920469
907.812367 77.920437
907.812368 77.920410
907.812368 77.920356
907.812602 77.920328
907.812643 77.920324
907.813192 77.920301
907.853008 77.915974
907.856200 77.913043
907.884664 77.912178
907.890877 77.908874
908.288566 77.908779
908.415639 77.908709
908.437136 77.906288
908.437598 77.894461
908.438425 77.883019
908.438759 77.873779
908.444050 77.872626
908.447656 77.870790
908.450184 77.870281
908.450784 77.870258
908.451604 77.869351
908.486512 77.866282
908.565060 77.852804
908.570406 77.797560
908.799833 77.794367
908.880319 77.793949
908.921027 77.789487
908.957575 77.786801
908.969994 77.785168
908.977983 77.784827
909.007427 77.783588
909.145079 77.783021
909.185169 77.779879
909.827235 77.760379
910.102023 77.734824
910.309083 77.720366
910.355664 77.711424
910.382029 77.711411
910.386428 77.711397
910.389677 77.711375
910.399190 77.709380
910.416486 77.694828
910.446632 77.693065
910.447248 77.692914
910.456758 77.692860
910.465218 77.688526
910.477765 77.688446
910.486068 77.688211
910.496420 77.688144
910.498774 77.688084
910.560825 77.687998
910.565993 77.687843
910.568863 77.687515
910.578802 77.687333
910.592862 77.682105
910.726000 77.591109
910.875317 77.564320
911.420300 76.947933
911.900472 76.184066
915.090839 73.278548
918.044835 73.268330
918.379231 73.254142
918.737293 73.207327
920.632667 73.182768
927.892715 72.790634
927.892770 72.788447
927.892842 72.787259
927.892842 72.787208
927.892869 72.786662
927.892872 72.784317
927.892928 72.781944
927.893329 72.739680
927.893378 72.735678
927.893423 72.734172
927.893431 72.733608
927.893576 72.725680
927.893582 72.725676
927.893587 72.725676
927.893596 72.725632
927.893603 72.725557
927.894009 72.723674
927.895383 72.723148
927.895565 72.718299
927.895593 72.716813
927.895595 72.716773
927.895596 72.716271
927.895598 72.715452
927.895600 72.715281
927.895601 72.714733
927.895627 72.714261
927.895635 72.714165
927.895656 72.714154
927.895657 72.714153
927.895686 72.713128
927.895690 72.713074
927.895695 72.713041
927.895695 72.713040
927.895698 72.712936
927.895702 72.712814
927.895702 72.712607
927.895703 72.712530
927.895703 72.712530
927.895703 72.712530
927.895703 72.712530
927.895703 72.712530
927.895703 72.712528
927.895704 72.712523
927.895704 72.712513
927.900453 72.712405
927.903273 72.712101
927.903961 72.712063
927.916970 72.705971
927.928478 72.512469
927.928775 72.359684
927.934015 72.326686
927.934188 72.309794
927.934909 72.231352
927.936921 72.230567
927.985522 72.153797
927.985780 72.153796
927.985795 72.153795
927.985804 72.153794
927.985857 72.153793
927.989186 72.153790
927.992174 72.153789
928.045863 72.153487
928.047241 72.153483
928.052941 72.153483
928.064607 72.153478
928.080152 72.153465
928.098930 72.148431
928.103402 72.147717
928.103674 72.147672
928.103811 72.147193
928.104306 72.146201
928.104640 72.142889
928.107972 72.142436
928.225077 72.103719
928.231609 72.018957
928.481590 72.013141
928.532317 72.002328
928.538727 72.001435
928.543839 71.974500
928.682381 71.922297
928.914391 71.916266
928.925514 71.908620
928.928496 71.906268
928.952750 71.905018
928.967669 71.887485
928.987250 71.868902
935.303042 71.832230
935.303730 71.831237
935.306691 71.831159
935.309756 71.830659
935.318635 71.827529
935.318934 71.826840
935.321282 71.826279
935.321488 71.825660
935.325368 71.821254
935.325424 71.820975
935.325902 71.820944
935.326313 71.820795
935.359186 71.819156
935.379265 71.818438
935.386384 71.814312
935.393140 71.801180
935.395453 71.798579
935.402175 71.798109
935.491180 71.796236
935.499664 71.794859
935.506328 71.794408
935.515435 71.791533
935.559697 71.790492
935.586734 71.787540
935.587924 71.787532
935.588162 71.787531
935.588361 71.787528
935.588994 71.787520
935.589153 71.787518
935.589375 71.787489
935.590092 71.787070
935.600358 71.786858
935.600768 71.786858
935.600807 71.786857
935.600884 71.786837
935.601061 71.786770
935.604968 71.786682
935.605293 71.786123
935.605702 71.777995
935.605931 71.775111
935.607733 71.764372
935.608995 71.607832
935.616922 71.605872
935.628394 71.596916
935.637845 71.596887
935.639093 71.590529
935.639259 71.590049
935.639770 71.588704
935.639883 71.588095
935.640954 71.582832
935.771048 71.580744
935.771054 71.579673
935.771059 71.579284
935.771064 71.579278
935.771064 71.579171
935.771065 71.579108
935.771101 71.578147
935.771151 71.571268
935.773348 71.571042
935.776445 71.570999
935.776453 71.570800
935.782346 71.570772
935.786162 71.570772
935.787749 71.570736
935.789104 71.570724
935.792507 71.570295
935.802157 71.563695
935.802297 71.563665
935.802305 71.562915
935.802472 71.558616
935.803381 71.556295
935.803381 71.552038
935.803387 71.549466
935.803429 71.549275
935.803435 71.547065
935.803465 71.543084
935.803523 71.543076
935.803738 71.543069
935.803788 71.542990
935.803891 71.542988
935.804119 71.542988
935.804162 71.542985
935.804272 71.542963
935.804295 71.542956
935.806817 71.542787
935.807033 71.541682
935.808059 71.541118
935.812543 71.538370
935.812573 71.537625
935.812657 71.536429
935.814034 71.533650
935.814387 71.532845
935.814388 71.532792
935.814388 71.532477
935.814391 71.532413
935.814408 71.532400
935.814420 71.532395
935.814636 71.532356
935.814636 71.531843
935.814636 71.531676
935.814637 71.531589
935.814640 71.531358
935.814645 71.531196
935.817071 71.530892
935.817610 71.530856
935.820794 71.530824
935.828794 71.530720
935.832753 71.530368
935.841816 71.529848
935.898778 71.529431
935.935178 71.529236
936.281413 71.527859
936.309360 71.527724
936.665213 71.527115
937.136269 71.516723
937.149256 71.514114
937.206147 71.268151
937.255286 71.265108
937.301606 71.192358
937.307900 71.157864
937.414187 70.925650
937.423436 70.901301
937.469067 70.842692
937.504722 70.838404
937.566748 70.832744
938.149606 70.829955
938.725097 70.826429
938.976106 70.819011
939.424661 70.809854
941.133016 70.772165
942.884220 70.761955
943.001741 70.754456
943.036945 70.745025
950.553813 70.742732
950.909622 70.742682
950.949008 70.742672
951.049338 70.742668
951.054004 70.742661
951.111230 70.742539
951.251223 70.742501
951.257133 70.742480
951.262433 70.742452
951.816635 70.742326
951.868332 70.741346
951.871322 70.741346
951.878527 70.741345
951.883419 70.741343
951.886111 70.741341
951.889723 70.741117
951.944416 70.741103
951.956191 70.741025
951.992258 70.740964
952.722433 70.740948
953.644509 70.740947
954.200581 70.740946
954.555616 70.740943
954.583411 70.740926
954.595413 70.740866
954.597251 70.740849
959.288749 70.397919
959.667562 69.592855
959.763409 68.919950
959.766199 68.919668
959.778920 68.919410
959.786296 68.918092
959.884879 68.916628
959.957447 68.909060
960.140196 68.909048
960.166259 68.903775
960.173359 68.903274
960.211594 68.902603
960.265360 68.902420
960.274508 68.902249
960.277772 68.902196
960.287779 68.902103
960.287863 68.901773
960.288025 68.901106
960.382453 68.900767
960.402600 68.900097
960.405319 68.899368
960.472639 68.894959
960.529835 68.886768
960.574726 68.872808
960.594924 68.867000
960.732670 68.563836
960.929964 68.390973
961.030530 67.775692
961.048611 67.172669
961.052173 67.135644
961.060213 67.077515
961.060508 66.906995
961.060913 66.085981
961.060914 66.055593
961.060935 66.028308
961.060935 66.028281
961.060935 66.026791
961.060937 66.025824
961.060937 66.021999
961.060941 65.999566
961.060943 65.656659
961.060958 65.608486
961.060959 65.604970
961.060959 65.587906
961.060961 65.587706
961.061076 65.568591
961.065101 65.552889
961.067951 65.327845
961.267649 65.326417
961.268300 65.324066
961.271098 65.322804
961.272148 65.321074
961.414412 65.314624
961.424519 65.278935
964.409398 62.515056
964.570829 62.184042
964.570837 62.166602
964.570839 62.143398
964.570916 62.137733
964.572465 62.135407
964.577781 62.087670
964.577815 62.081804
964.577922 62.079044
964.577923 62.077557
964.577929 62.077506
964.577933 62.077442
964.577997 62.077433
964.578013 62.077268
964.578038 62.075663
964.578052 62.070698
964.578087 62.069885
964.578432 62.069866
964.578434 62.069696
964.578448 62.069132
964.578540 62.064164
964.578623 62.062443
964.578624 62.060950
964.578629 62.060946
964.578630 62.059723
964.578633 62.054739
964.731837 61.678829
965.234615 59.710508
965.503220 59.088950
965.510863 58.827884
965.675148 58.712718
965.682507 58.704098
965.765870 58.700455
965.814523 58.683752
965.823380 57.562316
965.828616 57.462850
965.831270 57.461690
965.836315 57.460666
965.837721 57.457569
965.838545 57.448272
965.838548 57.440882
965.838689 57.432155
965.838890 57.422172
966.524809 57.378253
966.584737 57.333171
966.603044 57.324100
966.604943 57.322487
966.641244 57.315513
966.645967 57.314126
966.646314 57.313518
966.689678 57.299914
967.200348 56.934379
967.682418 56.930348
967.835883 56.920166
967.881227 56.906541
967.911461 56.904671
968.168250 56.904563
968.185340 56.904178
968.187511 56.901252
968.196953 56.901204
968.198821 56.901044
968.201175 56.895099
968.205751 56.891351
968.288980 56.890342
968.289075 56.885432
968.300317 56.874962
968.316251 56.874014
968.323709 56.871225
968.334614 56.870197
968.335079 56.865698
968.335852 56.798954
968.402032 56.303095
968.521932 56.210330
968.537499 56.087549
972.709743 55.892212
972.720562 55.688774
972.722935 55.622869
972.724244 55.516242
972.727567 55.487550
972.728538 55.443072
972.758757 55.339570
972.803174 54.933403
972.912062 54.924357
972.974475 54.888787
973.137596 54.801284
973.143085 54.800916
973.162688 54.797573
973.272498 54.788274
973.654614 54.779456
973.686868 54.579308
973.694311 54.476535
973.694363 54.474147
973.694462 54.472282
973.694748 54.461052
973.694873 54.453125
973.695164 54.317023
973.695171 54.279684
973.695298 54.277267
973.695533 54.192544
973.695541 54.192339
973.695581 54.192221
973.695604 54.191315
973.695622 54.190095
973.695646 54.189952
973.695650 54.189587
973.695664 54.189235
973.695677 54.189125
973.695683 54.189125
973.695683 54.189124
973.695684 54.189120
973.695685 54.189022
973.695688 54.188997
973.695689 54.188974
973.695691 54.188858
973.695712 54.187591
973.695721 54.186785
973.878349 54.171322
973.923053 54.160223
973.963459 54.027257
974.239574 53.616940
974.252798 53.609493
974.254342 53.603613
974.254885 53.602149
974.255107 53.600431
974.256805 53.600038
974.257296 53.598848
974.258587 53.598506
974.259459 53.598469
974.261241 53.597556
974.261549 53.596799
974.262197 53.594805
974.268486 53.591448
974.272356 53.572525
974.272356 53.567311
974.272359 53.566746
974.275818 53.524866
974.283053 53.483662
974.299536 53.390334
974.311937 53.184514
974.376529 53.115679
974.377252 53.105191
974.377371 53.098409
974.377412 53.098390
974.377420 53.098387
974.377637 53.097052
974.380883 53.097005
974.390010 53.096280
974.390511 53.094860
974.391622 53.077369
974.704472 53.076401
974.706203 53.076293
974.706226 53.076288
974.706689 53.076256
974.707139 53.076251
974.708292 53.076250
974.708532 53.076250
974.709968 53.076250
974.710013 53.076017
974.710062 53.075479
975.084513 53.006957
975.126827 52.904519
975.477628 52.759457
975.533948 52.759200
975.613685 52.758937
975.660445 52.758002
975.685831 52.757365
975.720093 52.755451
975.725491 52.755396
975.729414 52.755371
975.738200 52.755349
975.743182 52.755341
975.744642 52.755335
975.745590 52.755322
975.752039 52.755305
975.766598 52.755177
975.795396 52.755115
975.912545 52.754869
975.917856 52.754827
975.940628 52.754517
975.977831 52.754279
976.000271 52.752711
976.009383 52.752605
976.024450 52.752351
976.033868 52.747050
976.038377 52.744319
976.045829 52.743521
976.047019 52.743163
976.049842 52.741765
976.050896 52.358191
976.052358 52.347308
976.063170 52.345111
976.064832 52.336155
976.077069 52.334852
976.077965 52.333756
976.081366 52.266322
976.090417 52.261120
976.094556 52.259324
976.097471 52.253923
976.097572 52.253920
976.097612 52.253899
976.098381 52.253894
976.098969 52.253886
976.099442 52.253535
976.100608 52.247920
976.108315 52.245965
976.111903 52.243924
976.126773 51.993898
976.131317 51.953872
976.133188 51.889099
976.133445 51.888409
976.139136 51.880774
976.140839 51.877302
976.140953 51.876497
976.140961 51.875664
976.146601 51.835361
976.148438 51.834334
976.150530 51.834323
976.154157 51.834292
976.154545 51.823023
976.154688 51.816224
976.154702 51.813427
976.168457 51.770712
976.169941 51.770432
976.186738 51.770430
976.187056 51.770372
976.226586 51.764271
976.312012 51.753973
976.325242 51.753257
976.330495 51.752743
976.342837 51.751061
976.343251 51.749999
976.362649 51.749851
976.363121 51.748341
976.363287 51.747998
976.363698 51.747956
976.364000 51.747784
976.364737 51.747433
976.415745 51.742335
976.434852 51.721411
976.435577 51.713323
976.450453 51.695001
976.468960 51.660905
976.472205 51.660020
976.472341 51.655790
976.520752 51.578938
976.521509 51.576318
976.531727 51.575935
976.533236 51.571897
976.578356 51.549731
976.581077 51.541927
976.581209 51.541342
976.588955 51.526807
976.589907 51.525738
976.591418 51.525640
976.596876 51.453916
976.690554 51.448647
976.711036 51.448621
976.748317 51.448605
976.886314 51.448593
976.916851 51.448592
976.917725 51.448592
976.917850 51.448592
976.918147 51.448592
976.918262 51.448592
976.920313 51.448591
976.920940 51.448589
976.922213 51.448588
976.932265 51.448586
976.942190 51.448580
976.943385 51.448578
976.943489 51.448558
976.943586 51.448545
976.944798 51.448544
976.947661 51.448497
976.952686 51.448495
976.957636 51.448427
976.959793 51.448424
976.959881 51.448422
976.961354 51.448421
976.962428 51.448420
976.962435 51.448416
976.965688 51.448394
976.969464 51.448377
976.984845 51.448366
976.989192 51.448359
977.068760 51.448348
977.073672 51.448347
977.216764 51.448342
977.220440 51.448341
977.220503 51.448341
977.261978 51.447995
977.261979 51.447995
977.261980 51.447995
977.261980 51.447995
977.261981 51.447995
977.261981 51.447995
977.261981 51.447995
977.261981 51.447995
977.261981 51.447995
977.261981 51.447995
977.261983 51.447995
977.261989 51.447995
977.261997 51.447995
977.261998 51.447995
977.261998 51.447995
977.262013 51.447995
977.262037 51.447995
977.262040 51.447995
977.262045 51.447994
977.262050 51.447994
977.262057 51.447994
977.262058 51.447993
977.262058 51.447992
977.262059 51.447990
977.262059 51.447989
977.262059 51.447989
977.262059 51.447989
977.262059 51.447989
977.262060 51.447979
977.262081 51.447979
977.262081 51.447979
977.262081 51.447978
977.262082 51.447978
977.262086 51.447978
977.262086 51.447978
977.262086 51.447978
977.262086 51.447978
977.262086 51.447978
977.262088 51.447978
977.262095 51.447978
977.262095 51.447978
977.262096 51.447978
977.262096 51.447978
977.262096 51.447978
977.262217 51.447974
977.263008 51.447974
977.264125 51.447971
977.269148 51.447964
977.270449 51.447960
977.270592 51.447959
977.270598 51.447958
977.270621 51.447957
977.270678 51.447957
977.270744 51.447955
977.272528 51.447940
977.274395 51.447928
977.283886 51.447923
977.285425 51.447840
977.293756 51.447829
977.297019 51.447824
977.297656 51.447824
977.298599 51.447823
977.298623 51.447822
977.298883 51.447821
977.298901 51.447821
977.298984 51.447821
977.299001 51.447821
977.299083 51.447821
977.301927 51.447819
977.322188 51.447817
977.330086 51.447809
977.333540 51.447809
977.335409 51.447806
977.339458 51.447804
977.339569 51.447804
977.340840 51.447801
977.342373 51.447797
977.346139 51.447792
977.346154 51.447787
977.347438 51.447783
977.347613 51.447781
977.347925 51.447781
977.348352 51.447781
977.348359 51.447781
977.348360 51.447781
977.348360 51.447781
977.348550 51.447778
977.348651 51.447776
977.349722 51.447774
977.351134 51.447764
977.353253 51.447759
977.354639 51.447754
977.361731 51.447742
977.362051 51.447730
977.365728 51.447729
977.366416 51.447728
977.366693 51.447728
977.366762 51.447726
977.367052 51.447725
977.367066 51.447724
977.367079 51.447723
977.367131 51.447722
977.367138 51.447722
977.367402 51.447722
977.367523 51.447722
977.367538 51.447722
977.368104 51.447716
977.370371 51.447715
977.370372 51.447714
977.370374 51.447714
977.370388 51.447714
977.370389 51.447714
977.370390 51.447714
977.370390 51.447714
977.370390 51.447714
977.370390 51.447714
977.370396 51.447713
977.370476 51.447712
977.370484 51.447712
977.370489 51.447712
977.370492 51.447706
977.370497 51.447705
977.370523 51.447704
977.370534 51.447704
977.370557 51.447704
977.370663 51.447704
977.370691 51.447704
977.370715 51.447704
977.370771 51.447703
977.370772 51.447702
977.370776 51.447688
977.371731 51.447682
977.373084 51.447666
977.373592 51.447658
977.373605 51.447656
977.374842 51.447640
977.374973 51.447625
977.376535 51.447622
977.382094 51.447597
977.383407 51.447583
977.384788 51.447582
977.386878 51.447581
977.387397 51.447581
977.387517 51.447581
977.391446 51.447580
977.392666 51.447580
977.393711 51.447579
977.397178 51.447579
977.397217 51.447579
977.397353 51.447579
977.397606 51.447579
977.398140 51.447579
977.398777 51.447577
977.409464 51.447577
977.409748 51.447575
977.409985 51.447575
977.411191 51.447233
977.415454 51.447204
977.416928 51.447068
977.453830 51.446935
977.506453 51.446932
977.626578 51.446932
977.747321 51.446932
977.846616 51.446932
977.863906 51.446931
977.877532 51.446931
977.879245 51.446931
977.879380 51.446930
977.879567 51.446930
977.879979 51.446930
977.880008 51.446930
977.880038 51.446930
977.880043 51.446929
977.880043 51.446929
977.880044 51.446929
977.880044 51.446929
977.880044 51.446929
977.880044 51.446929
977.880044 51.446929
977.880044 51.446929
977.880044 51.446929
977.880044 51.446929
977.881379 51.446927
977.881633 51.446925
977.881634 51.446924
977.881967 51.446923
977.893312 51.446915
977.893348 51.446905
977.893625 51.446905
977.893627 51.446905
977.893682 51.446905
977.893699 51.446905
977.893958 51.446905
977.894163 51.446893
977.899233 51.446725
977.914492 51.446676
977.915485 51.446661
977.915772 51.446655
977.916436 51.446651
977.918095 51.446577
977.943821 51.446575
977.949741 51.446573
977.991199 51.446566
977.992712 51.446557
978.000106 51.446553
978.000531 51.446552
978.005051 51.446550
978.005616 51.446449
978.005900 51.446259
978.005941 51.445818
978.007297 51.445381
978.007965 51.445012
978.008883 51.444939
978.009129 51.444845
978.009602 51.444828
978.010027 51.444794
978.013090 51.442443
978.016111 51.442418
978.016591 51.441825
978.086361 51.437795
978.098680 51.437405
978.100482 50.523211
978.100537 50.252768
978.100672 50.239675
978.100693 50.174164
978.100698 50.171955
978.100702 50.139337
978.103615 49.990654
978.190367 49.526232
978.190372 49.525840
978.190378 49.525038
978.190378 49.524457
978.190378 49.524302
978.190378 49.524151
978.190378 49.524132
978.190386 49.522545
978.190394 49.505511
978.190635 49.457306
978.190636 49.367744
978.190638 49.364465
978.190639 49.359498
978.190639 49.332572
978.190639 49.279635
978.190647 49.246848
978.194263 49.237674
978.195833 49.213948
978.198871 49.210632
978.206149 49.186721
978.209425 49.185034
978.210346 49.183095
978.210645 49.182177
978.218343 49.176053
978.225187 49.147229
978.225397 49.146166
978.226151 49.132396
978.274084 49.067651
978.284023 49.066956
978.288574 49.066821
978.303966 49.066799
978.317957 49.066783
978.332988 49.065797
978.342415 49.065676
978.376611 49.065515
978.379896 49.064818
978.401602 49.064730
978.401748 49.064723
978.402010 49.064722
978.410512 49.063621
978.411982 49.063459
978.414064 49.063443
978.416325 49.063441
978.418280 49.063416
978.421692 49.063378
978.437003 49.063177
978.451694 49.063094
978.457173 49.063024
978.462069 49.062902
978.485257 49.062830
978.565856 49.062829
978.567567 49.062828
978.577092 49.062826
979.185101 48.539778
984.760032 47.784075
984.761880 47.783487
984.773391 47.783435
984.778776 47.783156
984.781907 47.782847
984.782822 47.782755
984.785501 47.781349
984.792249 47.780570
984.868041 47.778785
984.887883 47.672590
984.896324 47.672103
984.899968 47.671549
984.936930 47.669947
984.952844 47.658991
984.977321 47.641238
984.985410 47.639604
984.993733 47.634870
985.003470 47.632067
985.019523 47.628693
985.028934 47.628173
985.120438 47.610127
985.186806 47.605144
985.485436 47.565482
985.562427 47.490931
985.570264 47.478193
985.570341 47.472334
985.570750 47.463421
985.576414 47.462714
985.576835 47.448841
985.583259 47.431525
985.584365 47.425629
985.605357 47.319610
985.632098 47.229440
986.052371 42.647928
986.411742 33.079733
986.518935 31.070829
986.583556 27.266659
986.604164 27.110938
986.953415 24.887941
987.063547 20.871853
987.063605 20.862933
987.064055 20.846725
987.064340 20.842230
987.064364 20.731084
987.066574 20.713919
987.067684 20.701956
987.068027 20.672628
987.068167 20.671257
987.068376 20.671119
987.069454 20.659843
987.073435 20.617907
987.073969 20.614135
987.074284 20.606521
987.074309 20.597521
987.110912 20.050473
990.989908 19.999654
994.228194 19.729497
994.580344 18.933919
995.001597 18.628687
996.286850 18.448098
996.500510 18.012202
997.593616 17.898655
999.040224 17.860031
999.134954 17.751066
999.147363 17.653121
999.237562 17.461630
999.245510 17.400431
999.246087 17.400409
999.246728 17.400403
999.247509 17.400387
999.247994 17.224433
999.252403 17.193990
999.258291 17.083826
999.259779 17.070908
999.277498 16.158100
999.481880 16.110857
999.691697 16.099375
999.736737 15.652373
999.748704 15.651872
999.752786 15.651556
999.807917 15.651470
999.808029 15.651148
999.808660 15.651117
999.808748 15.651108
999.818653 15.645131
999.824116 15.643764
999.855282 15.643072
999.856029 15.643063
999.856171 15.643022
999.863054 15.642952
999.864192 15.642134
999.864306 15.640980
999.867264 15.638613
999.867804 15.637643
999.867837 15.637627
999.867850 15.637603
999.867874 15.637594
999.867874 15.637588
999.867874 15.637579
999.867875 15.637577
999.867875 15.637577
999.867879 15.637577
999.868228 15.637577
999.868277 15.637577
999.868282 15.637576
999.868290 15.637576
999.868319 15.637576
999.868422 15.637576
999.868441 15.637576
999.868475 15.637576
999.868520 15.637576
999.868539 15.637576
999.868539 15.637576
999.868540 15.637576
999.868785 15.637576
999.869120 15.637576
999.869449 15.637576
999.869640 15.637398
999.869771 15.637266
999.869785 15.637266
999.869786 15.637266
999.869788 15.637266
999.869791 15.637266
999.869796 15.637266
999.869797 15.637266
999.869801 15.637266
999.869803 15.637264
999.869823 15.637263
999.869840 15.637262
999.869871 15.637262
999.870283 15.637256
999.870601 15.637255
999.870700 15.637244
999.871049 15.637224
999.871489 15.637222
999.871837 15.637221
999.873051 15.637221
999.873336 15.637221
999.873759 15.637219
999.873817 15.637217
999.873886 15.637209
999.873912 15.637197
999.873914 15.637175
999.873920 15.637147
999.874080 15.637077
999.874120 15.637077
999.874122 15.637076
999.874336 15.637076
999.874421 15.637076
999.874422 15.637076
999.874457 15.637076
999.874459 15.637076
999.874521 15.637076
999.874533 15.637076
999.874535 15.637076
999.874538 15.637076
999.874547 15.637076
999.874606 15.637076
999.874609 15.637076
999.874610 15.637076
999.874618 15.637075
999.874625 15.637075
999.874626 15.637075
999.874634 15.637075
999.874641 15.637075
999.874643 15.637075
999.874643 15.637075
999.874658 15.637075
999.874658 15.637075
999.874659 15.637075
999.874659 15.637075
999.874661 15.637075
999.874665 15.637075
999.874679 15.637075
999.874681 15.637075
999.874683 15.637075
999.874688 15.637075
999.874691 15.637075
999.874702 15.637075
999.874705 15.637075
999.874706 15.637075
999.874710 15.637075
999.874715 15.637075
999.874717 15.637075
999.874717 15.637075
999.874720 15.637075
999.874728 15.637075
999.874734 15.637072
999.874743 15.637072
999.874747 15.637069
999.874779 15.637058
999.877062 15.636820
999.877188 15.634065
999.877196 15.631109
999.877343 15.631080
999.878181 15.631068
999.878183 15.631047
999.878238 15.631020
999.878292 15.630969
999.878320 15.630955
999.878349 15.630955
999.878351 15.630954
999.878425 15.630928
999.878473 15.630922
999.878674 15.630921
999.878695 15.630918
999.878709 15.630902
999.878720 15.630782
999.878724 15.630767
999.878728 15.630614
999.878728 15.630608
999.878728 15.630607
999.878728 15.630604
999.878902 15.630137
999.878969 15.629769
999.878981 15.629722
999.878997 15.629108
999.879000 15.629108
999.879001 15.629105
999.879002 15.629079
999.879002 15.629070
999.879007 15.629060
999.879015 15.629059
999.879119 15.608956
999.880693 15.585249
999.881266 15.582156
999.881342 15.582029
999.881485 15.580251
999.881487 15.578963
999.881506 15.578857
999.881612 15.578823
999.881907 15.578472
999.881910 15.575330
999.881912 15.573224
999.881924 15.571271
999.881996 15.568068
999.882121 15.567990
999.882732 15.555655
999.887139 15.555203
999.887154 15.555026
999.887325 15.555021
999.887342 15.554993
999.887381 15.554992
999.887386 15.554991
999.887391 15.554991
999.887404 15.554991
999.887490 15.554990
999.887855 15.554864
999.888114 15.554822
999.888117 15.554790
999.888205 15.554787
999.888296 15.554640
999.888591 15.554498
999.889185 15.554462
999.889261 15.554267
999.889261 15.554222
999.890167 15.554083
999.890266 15.552660
999.891350 15.550949
999.891581 15.550932
999.891590 15.550911
999.891623 15.550907
999.891710 15.550899
999.891796 15.550748
999.893540 15.550326
999.895070 15.548783
999.895241 15.545467
999.895803 15.528474
999.895841 15.528135
999.895859 15.527986
999.895859 15.527924
999.895859 15.527803
999.895860 15.527702
999.895861 15.527604
999.895861 15.527210
999.895863 15.525951
999.895867 15.523717
999.895869 15.523473
999.895871 15.523450
999.895871 15.523429
999.895883 15.520265
999.895885 15.518914
999.895892 15.517348
999.895911 15.512051
999.895913 15.508611
999.895914 15.506155
999.895916 15.475413
999.896487 15.369706
999.896579 15.366498
999.897068 15.361213
999.898240 15.361053
999.898303 15.358544
999.899517 15.357688
999.901112 15.352225
999.919763 15.309754
999.971049 14.991136
999.971053 14.952569
999.971059 14.935836
999.971060 14.933377
999.973841 14.904903
999.973849 14.901484
999.973858 14.892217
999.973861 14.831157
999.973880 14.831127
999.973931 14.831107
999.973934 14.831089
999.973934 14.831021
999.973934 14.831015
999.974022 14.830683
999.974025 14.826594
999.974034 14.796143
999.974037 14.784154
999.974048 14.783174
999.974051 14.783138
999.974052 14.782933
999.974053 14.778636
999.974067 14.776033
999.974093 14.772692
999.974104 14.758200
999.974104 14.757991
999.974106 14.757515
999.974551 14.716443
999.974572 14.705542
999.974581 14.544134
999.974596 14.037549
999.974597 13.949297
999.974669 13.939289
999.974677 13.937994
999.974697 13.922645
999.974735 13.887806
999.974736 13.886660
999.974737 13.886235
999.974739 13.886110
999.974742 13.886042
999.974744 13.886030
999.974754 13.885640
999.974796 13.134856
999.974827 13.095348
999.974842 13.077877
999.974848 13.015509
999.974860 13.001696
999.974865 12.841897
999.974911 12.838345
999.974912 12.833433
999.974913 12.831319
999.974967 12.828138
999.974983 12.826961
999.975002 12.797135
999.975050 12.792090
999.975056 12.762323
999.975077 12.709489
999.975815 12.581142
999.975828 12.578674
999.976185 12.578258
999.976270 12.576475
999.976555 12.574152
999.977310 12.571557
999.977695 12.571552
999.978027 12.571195
999.978036 12.492551
999.978108 12.487991
999.978652 12.487515
999.978672 12.469794
999.978681 12.466638
999.978684 12.451607
999.978686 12.451322
999.978841 12.402457
999.978868 12.402435
999.978921 12.375339
999.978963 12.373006
999.978978 12.332343
999.979007 12.295940
999.979009 12.295727
999.979014 12.293922
999.979123 12.259292
999.979432 11.980370
999.979648 11.979553
999.979659 11.979469
999.980252 11.977713
999.980301 11.975843
999.980398 11.863859
999.980422 11.531827
999.980442 11.192838
999.980527 11.020881
999.982560 10.744627
999.982916 10.726178
999.983364 10.699079
999.983578 10.679102
999.983652 10.678699
999.983653 10.678543
999.983653 10.678484
999.983685 10.667971
999.983688 10.664813
999.983741 10.664445
999.983763 10.658112
999.983781 10.652927
999.983836 10.647683
999.983838 10.647013
999.983844 10.646046
999.983846 10.644711
999.983848 10.643446
999.984281 10.641809
999.984499 10.639680
999.984503 10.639402
999.984511 10.639116
999.984512 10.635842
999.984566 10.635835
999.985991 10.597685
999.986112 10.597054
999.986184 10.485630
999.986213 10.438648
999.986233 10.419256
999.986265 9.721070
999.986279 8.280361
999.986293 7.735906
999.986298 7.142235
999.986300 5.201596
999.986314 5.164665
999.986320 5.157728
999.986325 5.093844
999.986557 3.837402
999.986592 3.801179
999.986628 3.782534
999.986680 3.773971
999.986776 3.497814
999.987926 3.494679
999.987927 3.494153
999.987955 3.493312
999.987979 3.491895
999.988500 3.023226
999.988523 2.743005
999.988534 2.680754
999.988557 2.642797
999.988557 2.520116
999.988559 2.334750
999.988584 2.328445
999.988646 2.323802
999.988667 2.315949
999.988686 2.281899
999.988736 2.129574
999.988802 2.025767
999.988899 1.499360
999.988924 1.498869
999.988945 1.441781
999.988945 1.410269
999.988946 1.405215
999.988946 1.395220
999.988946 0.991423
999.988959 0.935944
999.989118 0.805805
999.997720 0.744496
999.997784 0.526523
999.997846 0.489227
999.998710 0.462821
999.998720 0.462810
999.998728 0.462810
999.998827 0.462472
999.998850 0.462242
999.998853 0.462126
999.998853 0.461929
999.998853 0.461872
999.998855 0.461866
999.998870 0.461847
999.998876 0.461844
999.998879 0.461843
999.998880 0.460660
999.998882 0.459982
999.998910 0.450276
999.998910 0.449972
999.998918 0.449875
999.998918 0.449870
999.998918 0.449859
999.998920 0.449823
999.998931 0.444925
999.998942 0.442718
999.998943 0.439832
999.998951 0.437231
999.998968 0.380113
999.999860 0.072785
999.999933 0.065105
999.999966 0.063934
