2000.000000 2.000000
3.095288 999.817642
3.429272 999.748256
4.023391 999.612180
22.924800 997.463933
46.091034 993.678781
46.116028 993.678521
46.164039 993.677974
47.905504 993.677963
48.954303 993.677415
48.956207 993.677414
48.958626 993.677407
48.958812 993.677407
48.962200 993.677405
48.964079 993.677403
48.964560 993.677397
48.981431 993.677376
48.983643 993.677375
48.985958 993.677374
49.044045 993.676627
49.135566 993.676615
50.609107 993.647907
50.780628 993.624950
50.788814 993.624928
50.827192 993.624926
50.863158 993.624926
50.907438 993.624925
50.928829 993.624344
50.931204 993.622309
50.935052 993.621716
50.966929 993.619910
51.195696 993.617253
51.212686 993.613671
51.213477 993.613669
51.213875 993.613666
51.216372 993.613639
51.216982 993.613634
51.217198 993.613592
51.217292 993.613590
51.217345 993.613583
51.217446 993.613546
51.217457 993.613279
51.218007 993.613203
51.223928 993.612864
51.244200 993.609648
51.246818 993.609612
51.247843 993.609600
51.248384 993.609573
51.248456 993.609536
51.253411 993.609275
51.253602 993.609247
51.253700 993.609238
51.253867 993.609237
51.253898 993.609236
51.254883 993.609208
51.254885 993.608995
51.255010 993.608901
51.255018 993.608901
51.255019 993.608901
51.255020 993.608901
51.255046 993.608884
51.255162 993.608800
51.255162 993.608800
51.255166 993.608799
51.255167 993.608778
51.432247 993.602229
51.435558 993.602190
51.437716 993.602179
51.442773 993.602089
51.445397 993.601887
51.451322 993.601886
51.453054 993.601871
51.456521 993.601871
51.458958 993.601866
51.462864 993.601866
51.465570 993.601865
51.483307 993.601864
51.483871 993.601851
51.490122 993.601841
51.508880 993.601680
51.513413 993.601674
51.513566 993.601629
51.515372 993.601629
51.521442 993.601514
51.524416 993.601499
51.534318 993.601468
51.558063 993.601345
51.565867 993.600959
51.699139 993.582875
51.753200 993.582105
51.756355 993.581742
51.767097 993.581678
51.803764 993.581377
51.834366 993.581073
51.921711 993.578299
51.930194 993.578269
51.960574 993.578130
52.009807 993.578059
52.025517 993.577811
53.360229 993.576192
54.522011 993.576047
54.599260 993.575936
54.698612 993.575832
55.173437 993.575795
55.243112 993.575776
55.290562 993.575584
55.299691 993.575239
55.444848 993.574813
56.103760 993.574125
56.348670 993.574085
56.359385 993.571988
56.359750 993.571977
56.360880 993.571976
56.360887 993.571976
56.361287 993.571941
56.379435 993.571007
56.824112 993.568063
59.645112 993.565690
60.409424 993.565520
60.794230 993.548387
60.866503 993.546550
60.915775 993.546465
60.936303 993.545187
60.936373 993.544539
60.937775 993.543835
60.940383 993.539763
61.504979 993.505528
62.239017 993.501675
63.986624 993.465812
66.192400 993.412065
66.424836 993.386518
66.889618 993.383551
69.470140 993.368719
69.624843 993.366631
70.069988 993.366054
70.117254 993.363331
70.125744 993.361436
70.179263 993.361365
70.214162 993.358055
70.232912 993.357930
72.510548 993.357878
72.963095 993.357606
76.851335 993.336493
77.001681 993.334966
77.112152 993.327727
77.160100 993.327326
77.187442 993.317279
77.336062 993.311735
78.424641 993.289133
80.191715 993.284869
80.540792 993.283910
80.568952 993.283566
82.057473 993.282894
82.060092 993.278697
82.070078 993.278442
82.097585 993.268044
82.328317 993.267358
82.530835 993.267334
83.598735 993.266981
84.300017 993.266980
85.381504 993.266980
86.733078 993.266979
86.733079 993.266946
86.733080 993.266907
86.733080 993.266898
86.733081 993.266877
86.733082 993.266877
86.733082 993.266877
86.733082 993.266877
86.733082 993.266877
86.733082 993.266877
86.733082 993.266877
86.733082 993.266877
86.733082 993.266877
86.733082 993.266877
86.733082 993.266877
86.733082 993.266877
86.733082 993.266877
86.733082 993.266877
86.733082 993.266877
86.733082 993.266877
86.733082 993.266877
86.733082 993.266877
86.733082 993.266877
86.733082 993.266877
86.733082 993.266877
86.733082 993.266877
86.733082 993.266877
86.733082 993.266877
86.733082 993.266877
86.733082 993.266877
86.733082 993.266877
86.733083 993.266876
86.733083 993.266875
86.733083 993.266875
86.733083 993.266875
86.733083 993.266874
86.733083 993.266874
86.733091 993.266869
86.733099 993.266866
86.733100 993.266863
86.733121 993.266854
86.733141 993.266850
86.733141 993.266848
86.733141 993.266844
86.733141 993.266839
86.733147 993.266829
86.733147 993.266824
86.733179 993.266824
86.733268 993.266822
86.733326 993.266815
86.733330 993.266805
86.733334 993.266800
86.733339 993.266798
86.734181 993.266797
86.800180 993.266724
86.800880 993.266674
86.801321 993.266670
86.801332 993.266669
86.801347 993.266668
86.801348 993.266668
86.801349 993.266668
86.801349 993.266668
86.801370 993.266665
86.801467 993.266664
86.801933 993.266650
86.802386 993.266632
86.802432 993.266629
86.802438 993.266611
86.802532 993.266578
86.802534 993.266397
86.802544 993.266348
86.802953 993.266338
86.803043 993.266290
86.803327 993.266277
86.820959 993.266234
86.820960 993.266234
86.820960 993.266234
86.820978 993.266229
86.821011 993.266227
86.821297 993.266225
86.821673 993.266159
86.826497 993.266147
86.830121 993.266146
86.833465 993.266146
86.833533 993.266145
86.834076 993.266142
86.838882 993.266044
86.840923 993.266038
86.842469 993.266036
86.846208 993.266033
86.846415 993.266019
86.846495 993.266019
86.846546 993.266018
86.847035 993.266011
86.847036 993.266010
86.847105 993.266008
86.847109 993.266006
86.847109 993.266006
86.847600 993.266004
86.848150 993.266003
86.850862 993.266000
96.161665 993.260958
98.648129 993.256748
99.353537 993.256179
100.035962 993.255874
110.687283 993.255859
112.839847 993.255803
113.447577 993.255009
118.880104 993.254251
122.183319 993.253930
129.335707 993.253480
129.367731 993.253480
129.373852 993.253479
129.382951 993.253479
129.383875 993.253475
129.384480 993.253473
129.385024 993.253473
129.386604 993.253472
129.387344 993.253472
129.388215 993.253472
129.388744 993.253471
129.390771 993.253471
129.391282 993.253471
129.391923 993.253470
129.392669 993.253470
129.392684 993.253470
129.392702 993.253470
129.392703 993.253470
129.392716 993.253470
129.392766 993.253470
129.392766 993.253470
129.392769 993.253470
129.392770 993.253470
129.392772 993.253470
129.392773 993.253470
129.392778 993.253470
129.392781 993.253470
129.392783 993.253470
129.392789 993.253470
129.392821 993.253470
129.392957 993.253470
129.392968 993.253470
129.392971 993.253470
129.392977 993.253470
129.394806 993.253470
129.395686 993.253470
129.396507 993.253470
129.399744 993.253469
129.402968 993.253467
129.403752 993.253466
129.405226 993.253464
129.405304 993.253463
129.405315 993.253463
129.405361 993.253463
129.405383 993.253463
129.405385 993.253463
129.405406 993.253463
129.405407 993.253463
129.405407 993.253463
129.405409 993.253463
129.405412 993.253463
129.405440 993.253463
129.405517 993.253463
129.405572 993.253463
129.405857 993.253463
129.406510 993.253463
129.407057 993.253463
129.407531 993.253463
129.407547 993.253463
129.408956 993.253463
129.411015 993.253463
129.437282 993.253463
129.469142 993.253460
129.472221 993.253460
129.484844 993.253460
129.486626 993.253460
129.486812 993.253460
129.487175 993.253460
129.581181 993.253457
129.586581 993.253450
129.588097 993.253445
129.591641 993.253443
129.592490 993.253432
129.593963 993.253430
129.597211 993.253428
129.600345 993.253424
129.636805 993.253423
129.665996 993.253422
129.746064 993.253417
129.757116 993.253415
129.764987 993.253412
129.788115 993.253411
129.791978 993.253409
129.829488 993.253409
129.886254 993.253249
129.967648 993.253081
129.967650 993.253080
129.967651 993.253078
129.967666 993.253078
129.967675 993.253077
129.967676 993.253077
129.967676 993.253077
129.967712 993.253077
129.967715 993.253077
129.967719 993.253077
129.967723 993.253077
129.967727 993.253076
129.967727 993.253076
129.967728 993.253075
129.967728 993.253075
129.967731 993.253075
129.967744 993.253074
129.967745 993.253074
129.967745 993.253073
129.967748 993.253073
129.967763 993.253068
129.967766 993.253047
129.967771 993.253034
129.967785 993.253033
129.967785 993.253033
129.967838 993.253032
129.967857 993.253031
129.967912 993.253030
129.967929 993.253029
129.967933 993.253029
129.967935 993.253029
129.967935 993.253029
129.967936 993.253029
129.967948 993.253029
129.967948 993.253029
129.967949 993.253029
129.967959 993.253029
129.967984 993.253029
129.968106 993.253029
129.968386 993.253029
129.969116 993.253029
129.969252 993.253015
129.969293 993.253006
129.969296 993.253005
129.969301 993.253005
129.969334 993.253005
129.969408 993.253004
129.969417 993.253004
129.969417 993.253004
129.969421 993.253004
129.969426 993.253004
129.969427 993.253004
129.969428 993.253004
129.969428 993.253004
129.969428 993.253004
129.969429 993.253004
129.969434 993.253004
129.969435 993.253004
129.969437 993.253004
129.969437 993.253004
129.969437 993.253004
129.969437 993.253004
129.969438 993.253004
129.969439 993.253004
129.969440 993.253004
129.969461 993.253004
129.969481 993.253003
129.969490 993.253003
129.969533 993.253003
129.969566 993.253003
129.969751 993.253003
129.969935 993.253002
129.969936 993.253001
129.969937 993.253000
129.969938 993.253000
129.970032 993.252998
129.970098 993.252997
129.970476 993.252974
129.971123 993.252962
129.971348 993.252938
129.971437 993.252921
129.971658 993.252885
129.971658 993.252885
129.971658 993.252884
129.971659 993.252884
129.971664 993.252884
129.971665 993.252884
129.971665 993.252884
129.971665 993.252884
129.971665 993.252884
129.971665 993.252884
129.971665 993.252884
129.971665 993.252883
129.971666 993.252881
129.971666 993.252881
129.971666 993.252881
129.971666 993.252881
129.971669 993.252881
129.971669 993.252881
129.971669 993.252881
129.971670 993.252875
129.972202 993.252824
129.972557 993.252784
129.973763 993.252768
129.973968 993.252768
129.974176 993.252759
129.974176 993.252744
129.974444 993.252720
129.974654 993.252715
129.974747 993.252712
129.975515 993.252680
129.976189 993.252657
129.976189 993.252590
129.976192 993.252510
129.976938 993.252502
129.976958 993.252502
129.977033 993.252472
129.977359 993.252451
129.977760 993.252428
129.977899 993.252398
129.983982 993.252398
129.986016 993.252396
130.021456 993.252143
130.092358 993.252120
130.191522 993.251817
130.417479 993.251699
130.492334 993.251513
130.667865 993.250308
130.668008 993.249901
130.668024 993.249407
130.669245 993.248985
130.669638 993.248865
130.672247 993.247026
130.682442 993.246057
130.682466 993.245343
130.687221 993.245124
130.689093 993.244767
130.701598 993.244539
130.749203 993.242925
130.784842 993.241568
130.806775 993.241558
130.812815 993.241082
130.820545 993.241024
130.830890 993.240010
130.877778 993.236397
130.884792 993.236176
130.885205 993.234514
130.889866 993.234508
130.894712 993.234485
130.894763 993.234467
130.894920 993.234457
130.895063 993.234454
130.895175 993.234442
130.895261 993.234428
130.895843 993.234428
130.896069 993.234426
130.898413 993.234411
130.898420 993.234205
130.898492 993.234189
130.898518 993.234187
130.898551 993.234184
130.898557 993.234164
130.899151 993.234020
130.899369 993.233805
130.899520 993.233757
130.899992 993.233606
130.899995 993.233606
130.900158 993.233606
130.901355 993.233604
130.901587 993.233593
130.901658 993.233569
130.901659 993.233547
130.901673 993.233497
130.901673 993.233403
130.901740 993.233380
130.902172 993.233333
130.904160 993.233219
130.911589 993.231560
130.924423 993.231097
130.932833 993.230718
130.932833 993.230717
130.932833 993.230715
130.932833 993.230715
130.932833 993.230713
130.932833 993.230710
130.932833 993.230706
130.932833 993.230703
130.932844 993.230701
130.932848 993.230699
130.932943 993.230681
130.933160 993.229708
130.934038 993.229550
130.934411 993.229005
130.934667 993.228816
130.934697 993.228672
130.934700 993.228449
130.935123 993.228383
130.937016 993.227734
130.937440 993.226369
130.937681 993.226161
130.937809 993.225668
130.938085 993.225308
130.940349 993.223765
130.941222 993.223542
130.942313 993.223054
130.942649 993.222900
130.942651 993.222832
130.942671 993.222638
130.942936 993.222434
130.942940 993.222274
130.943010 993.221738
130.943570 993.221718
130.947782 993.220475
130.948228 993.220471
130.948357 993.220428
130.966647 993.219927
131.095689 993.219580
131.139631 993.219310
131.160727 993.219151
131.235738 993.218692
131.252816 993.218689
131.318045 993.218688
131.323350 993.218668
131.343515 993.218660
131.351724 993.218657
131.357632 993.218657
131.493877 993.218653
131.535145 993.218645
131.562788 993.218490
131.599316 993.218405
131.610512 993.217715
131.685473 993.217574
131.726917 993.217546
131.737630 993.216982
131.753000 993.216859
131.754683 993.216793
131.756357 993.216424
131.783892 993.216318
131.795435 993.216271
131.799337 993.216262
131.854748 993.216126
131.859917 993.216070
131.873811 993.216055
131.874128 993.216050
131.884635 993.216044
131.892952 993.215994
131.909363 993.215952
131.917028 993.215839
131.925225 993.215831
131.932114 993.215830
131.961358 993.215799
131.962544 993.211153
132.795309 993.210602
132.928646 993.210564
133.847044 993.210316
133.884485 993.210192
133.902851 993.210139
133.926046 993.210138
134.013125 993.210136
134.061123 993.210135
134.088253 993.210095
134.093754 993.210092
134.095534 993.210080
134.096911 993.210078
134.153088 993.210075
134.253548 993.210071
134.893917 993.210066
134.898755 993.210065
134.903379 993.210062
134.913794 993.210060
134.919727 993.210059
134.920023 993.210059
134.921138 993.210051
134.921362 993.210048
134.927343 993.210042
134.931015 993.209971
134.931134 993.209959
134.931970 993.209950
134.932028 993.209893
134.932053 993.209871
134.932108 993.209838
134.932632 993.209811
134.932966 993.209811
134.933205 993.209811
134.933215 993.209811
134.933218 993.209811
134.933247 993.209810
134.933498 993.209810
134.933565 993.209810
134.933681 993.209810
134.933709 993.209809
134.933728 993.209809
134.933739 993.209804
134.933752 993.209803
134.945062 993.209800
134.947849 993.209738
134.947900 993.209730
134.948786 993.209729
134.959173 993.209728
134.959736 993.209728
134.969238 993.209728
135.002509 993.209696
135.004395 993.209685
135.007426 993.209482
135.028926 993.209341
135.029028 993.209332
135.029164 993.209332
135.030140 993.209302
135.042481 993.209275
135.049061 993.209273
135.054591 993.209273
135.054892 993.209264
135.054893 993.209262
135.061562 993.209262
135.081926 993.209262
135.082894 993.209255
135.083350 993.209241
135.083388 993.209241
135.083552 993.209241
135.083560 993.209239
135.084163 993.209213
135.084509 993.209197
135.084842 993.209193
135.084933 993.209181
135.087367 993.209149
135.668642 993.170387
135.682914 993.169128
135.771842 993.168439
135.802434 993.166522
136.026480 993.165954
136.127170 993.163170
136.129715 993.161854
136.132242 993.161279
136.135797 993.161088
136.139793 993.160906
136.144625 993.160796
136.161452 993.130554
136.189956 993.130251
136.211131 993.129487
136.215825 993.129176
136.231746 993.129072
136.233753 993.129057
136.234352 993.129025
136.234407 993.128931
136.234509 993.128930
136.236496 993.128926
136.236980 993.128925
136.238694 993.128554
136.241214 993.127853
136.241982 993.127737
136.242034 993.125991
136.243639 993.125479
136.244391 993.123262
136.245105 993.122270
136.247706 993.122151
136.250198 993.122007
136.250751 993.121979
136.251474 993.121600
136.251528 993.121420
136.251798 993.121324
136.262865 993.121310
136.277719 993.121291
136.283488 993.121288
136.287800 993.121252
136.329966 993.120128
136.329996 993.120124
136.330009 993.120119
136.331492 993.118631
136.331655 993.118631
136.331993 993.118631
136.331994 993.118630
136.331994 993.118630
136.331994 993.118629
136.331994 993.118629
136.332134 993.118628
136.333479 993.118426
136.335421 993.118424
136.336258 993.118409
136.337288 993.118370
136.337346 993.118370
136.337616 993.118369
136.337967 993.118368
136.338797 993.118367
136.338832 993.117854
136.339140 993.117834
136.339427 993.117748
136.339806 993.117721
136.341031 993.117712
136.342181 993.117711
136.344868 993.115277
136.353971 993.115097
136.354606 993.115037
136.359781 993.114926
136.360329 993.113085
136.361802 993.113084
136.362742 993.113084
136.363104 993.113083
136.365457 993.113075
136.365730 993.113066
136.366551 993.112784
136.366951 993.112678
136.367474 993.112335
136.373563 993.112203
136.481562 993.111698
136.597223 993.107696
136.808864 993.104122
137.726877 993.093591
137.938711 993.074989
138.164049 993.068006
139.528886 992.996468
140.263052 992.937619
140.265907 992.936836
140.267947 992.935314
140.312121 992.930409
140.312923 992.929623
140.315398 992.929292
140.322678 992.928756
140.332193 992.927524
140.350698 992.927480
140.403873 992.927412
140.403992 992.927376
140.405704 992.927361
140.406502 992.927284
140.433091 992.927279
140.437175 992.927274
140.439583 992.927272
140.446172 992.927272
142.519869 992.855607
145.739547 992.624152
148.040262 992.550247
148.333236 992.525468
148.368853 992.520401
148.384718 992.449798
148.488579 992.350723
148.635715 992.241146
149.612434 992.231582
149.767579 992.198733
149.804626 992.173524
149.963832 992.149578
150.187254 992.146930
150.495460 992.137612
151.574713 992.048514
154.244214 990.665752
173.745742 990.665014
181.517765 990.664949
182.071865 990.664943
182.110246 990.660562
194.768153 990.660360
197.475411 990.660222
203.127082 990.659305
214.943641 990.650148
233.803728 990.647832
233.809985 990.640875
233.813064 990.638890
233.827147 990.614041
234.618618 990.178859
235.816548 989.938268
235.971483 989.938133
237.090643 989.933066
237.111565 989.932603
237.290338 989.930100
238.050761 989.904194
238.392419 989.895992
238.756148 989.885978
240.160393 989.810945
240.399123 989.808367
240.747763 989.804448
240.836949 989.764388
241.039912 989.747776
243.029655 989.745884
245.900014 989.678854
246.128269 989.555105
246.231349 989.421500
247.057459 989.093058
247.097598 989.078901
247.167795 989.058388
247.406421 989.057718
249.085694 989.023477
249.116778 989.018175
249.528598 989.017866
250.486623 989.009395
250.487212 989.008231
250.487537 989.007701
250.616625 989.007143
250.626952 989.003159
250.627404 989.002123
250.628381 988.996285
250.633975 988.995671
250.674936 988.921643
251.046620 988.892024
252.639686 988.877317
252.921811 988.842928
255.263067 988.382871
256.086740 988.346975
256.738872 987.826119
267.481089 987.710466
420.411925 986.617734
431.525230 986.230871
434.531915 985.926116
439.275968 985.855449
439.604232 985.844854
442.606510 985.788966
445.705975 985.782337
452.519332 985.752242
454.865331 985.590206
459.108613 985.546641
461.465244 985.485737
464.669798 985.463933
464.920356 985.289950
464.986345 985.068519
495.133505 985.046425
495.960637 985.040917
497.333391 985.034648
497.739838 985.015523
502.792352 985.011308
502.803017 985.009010
502.807141 984.995972
502.815440 984.978550
502.818264 984.978365
502.818312 984.978297
502.818614 984.976451
502.818933 984.975612
502.823697 984.975010
502.824606 984.971333
502.837092 984.829408
502.854501 984.807921
502.857421 984.793082
502.860244 984.791935
502.860360 984.791857
502.860394 984.789448
502.860549 984.788259
502.883217 984.787462
502.922244 984.785492
503.116572 984.731430
503.154942 984.720680
503.162064 984.703986
503.165967 984.703852
503.170163 984.697697
503.207351 984.687848
503.244042 984.441817
503.247948 984.430362
503.263521 984.422135
503.283495 984.421882
503.283575 984.420694
503.298048 984.417361
503.593528 984.415126
503.594967 984.415085
503.613783 984.415071
503.622786 984.415008
503.622904 984.415003
503.622945 984.415002
503.622954 984.415002
503.622958 984.415000
503.622968 984.414998
503.623273 984.414997
503.640550 984.414969
503.640669 984.414598
503.641631 984.414111
503.641638 984.413896
503.641657 984.413863
503.641710 984.413857
503.642256 984.413746
503.642370 984.412929
503.642620 984.412340
503.642812 984.412337
503.642859 984.412336
503.642975 984.412330
503.643024 984.412289
503.643032 984.412280
503.643055 984.412265
503.643055 984.412221
503.643058 984.412211
503.643059 984.412210
503.643062 984.412196
503.643115 984.412157
503.643118 984.412117
503.645703 984.395406
503.650220 984.391556
503.650377 984.390186
503.651059 984.390144
503.651462 984.388831
503.651517 984.383849
503.651521 984.381383
503.651576 984.374884
503.651577 984.374781
503.651577 984.374702
503.651582 984.373920
503.651609 984.373365
503.651610 984.373334
503.651610 984.373302
503.651612 984.372960
503.651613 984.372914
503.651613 984.372775
503.651613 984.372701
503.651613 984.372619
503.651616 984.371769
503.651618 984.370850
503.651626 984.370811
503.651627 984.370770
503.651627 984.370732
503.651627 984.370713
503.663844 984.363890
503.676046 984.363793
503.678505 984.363107
503.689467 984.355760
503.717243 984.355740
503.771731 984.355104
503.776134 984.354344
503.794836 984.353196
503.798715 984.353136
503.801752 984.352955
503.801896 984.352697
503.802049 984.352688
503.802127 984.352686
503.802209 984.352682
503.802242 984.352676
503.817622 984.352674
503.832510 984.352649
503.834780 984.352614
503.842730 984.352589
504.285954 984.352217
504.288971 984.351447
504.291324 984.349896
504.322955 984.349201
504.324290 984.345725
504.324512 984.345694
504.324889 984.345008
504.325290 984.344568
504.325514 984.344296
504.325536 984.344077
504.325564 984.344067
504.325572 984.344063
504.325771 984.343103
504.325771 984.343101
504.325771 984.343098
504.325771 984.343096
504.325771 984.343095
504.325847 984.343074
504.325850 984.342539
504.325850 984.342537
504.325856 984.342497
504.325868 984.342488
504.325875 984.342321
504.325909 984.342200
504.326214 984.342158
504.326594 984.342156
504.327084 984.342154
504.328856 984.336824
504.329176 984.336725
504.329486 984.335349
504.330103 984.335026
504.330174 984.334698
504.330612 984.334343
504.330618 984.334228
504.330629 984.334139
504.330647 984.332407
504.330651 984.332000
504.364647 984.328542
504.365205 984.328320
504.366282 984.326557
504.367323 984.326418
504.367350 984.326418
504.367359 984.326418
504.367361 984.326418
504.367364 984.326418
504.367365 984.326417
504.367366 984.326416
504.367372 984.326416
504.367379 984.326416
504.367437 984.326151
504.367572 984.325972
504.367685 984.325945
504.368235 984.325278
504.369232 984.324915
504.369659 984.324790
504.369946 984.324601
504.369998 984.323837
504.427298 984.323234
504.432707 984.323180
504.438132 984.323143
504.442249 984.321988
504.538315 984.321811
504.859350 984.321122
504.859743 984.319878
504.859953 984.319587
504.860744 984.319062
504.862304 984.318177
504.862580 984.317856
504.862738 984.317643
504.863021 984.315715
504.955920 984.315167
505.363490 984.313010
505.369600 984.312020
505.378027 984.308569
505.531510 984.294726
505.532829 984.255302
505.602235 984.213742
505.673865 984.205057
505.682395 984.205031
505.686089 984.202931
505.686308 984.159062
505.686823 984.132129
505.726743 984.128426
505.762319 984.128373
505.843039 984.128250
505.870230 984.119813
506.271795 984.119640
506.721786 984.119035
506.909322 984.118812
507.166932 984.117850
507.771534 984.117092
507.965275 984.116309
508.008222 984.116247
508.053768 984.111938
517.479283 984.111584
517.532825 984.111333
517.578982 984.111188
517.716053 984.110961
518.173657 984.109117
519.838772 984.107311
519.880717 984.081468
520.031698 984.051338
520.053968 984.050939
520.057324 984.048834
520.066858 984.045972
520.067213 984.045789
520.069521 984.045440
520.103043 984.032820
520.451068 983.981362
520.454250 983.981359
520.461764 983.980199
520.499668 983.978935
522.850822 983.932367
522.886582 983.931843
522.996870 983.930440
523.063929 983.930143
523.074453 983.928467
523.082256 983.923601
523.084228 983.918868
523.193946 983.910641
523.540059 983.877754
523.562976 983.872480
523.789361 983.857989
523.952604 983.743758
524.752547 983.733869
527.572598 983.731947
527.573226 983.731882
527.573468 983.731861
527.574672 983.731861
527.575345 983.731859
527.576884 983.731840
527.577212 983.731830
527.578320 983.731812
527.601785 983.731584
527.684765 983.730968
527.900461 983.730539
528.215380 983.728678
528.472081 983.728523
529.918768 983.723341
534.299296 983.698394
534.332362 983.679727
534.340680 983.677261
534.377819 983.675584
534.488830 983.674928
534.514038 983.673368
534.514513 983.673140
534.515026 983.672985
534.650698 983.672760
534.714170 983.672754
534.752653 983.672752
534.807479 983.672747
534.894081 983.672733
534.935289 983.672722
534.981126 983.672721
534.982067 983.672721
534.982075 983.672721
535.021245 983.672721
535.053789 983.672721
535.252216 983.672721
535.394922 983.670582
535.395905 983.670531
535.396607 983.670503
535.397778 983.670491
536.079880 983.668457
536.179945 983.668456
536.286487 983.668454
536.318769 983.668399
536.395647 983.668396
536.474162 983.668383
536.484991 983.668366
536.491777 983.668359
536.530248 983.668358
536.530548 983.668344
536.531207 983.668340
536.533006 983.668322
536.534112 983.668314
536.549869 983.668271
536.556335 983.668267
536.558959 983.668265
536.563593 983.668261
536.564227 983.668258
536.564558 983.668256
536.565822 983.668256
536.575965 983.668250
538.793259 983.667672
538.918569 983.667503
539.473055 983.667383
539.500096 983.667267
539.604918 983.667158
539.683095 983.666588
539.725115 983.665662
539.726495 983.665603
539.733232 983.665479
541.075329 983.665118
541.171383 983.664912
542.129387 983.664574
542.374286 983.664362
542.387512 983.664238
542.416050 983.664234
542.470853 983.664228
542.702489 983.664224
543.404635 983.664198
543.524089 983.663810
543.834949 983.662620
544.052431 983.662402
544.104910 983.662257
544.110243 983.661791
544.115041 983.661605
544.136727 983.660939
544.137790 983.660867
544.137944 983.660862
544.138875 983.660763
544.141654 983.660643
544.142416 983.660619
544.227252 983.660420
544.227259 983.660417
544.227264 983.660405
544.227272 983.660403
544.227284 983.660224
544.227819 983.660224
544.227871 983.660223
544.227921 983.660223
544.227934 983.660223
544.236041 983.660206
544.236459 983.660203
544.237044 983.660201
544.238072 983.660195
544.238179 983.660194
544.238251 983.660193
544.238767 983.660193
544.239415 983.660116
544.239460 983.660088
544.283057 982.264410
544.283543 981.913909
544.283894 981.407384
544.316929 979.175663
544.342641 979.007887
544.348664 978.998031
544.368731 978.993423
544.476428 978.132005
544.926167 978.083856
545.104861 978.059338
545.615550 978.057875
546.028369 978.014005
546.138967 978.008651
546.142995 978.007760
546.146062 978.007082
546.158612 978.002021
546.326534 977.981411
546.530603 977.967067
546.553878 977.966615
546.707818 977.966189
546.708040 977.965825
546.708053 977.964839
546.708057 977.964794
546.708057 977.964758
546.708057 977.964715
546.708062 977.964406
546.708071 977.964373
546.708073 977.964369
546.708074 977.964365
546.708090 977.964294
546.726011 977.964286
546.728818 977.964210
546.728975 977.964114
546.736255 977.964077
546.736667 977.963993
546.739163 977.963986
546.739600 977.963934
546.740317 977.963887
546.740994 977.963885
546.743112 977.963742
546.770118 976.824742
546.773576 975.885465
546.992416 975.451689
547.101846 975.396884
547.133452 974.524377
548.671806 974.277111
552.192812 974.131260
552.452618 974.130984
552.484702 974.130610
552.551677 973.942309
552.861478 973.896030
552.911560 973.774955
552.917301 973.752539
552.917302 973.588164
552.917303 973.580233
553.015205 973.184728
553.990891 964.691379
554.455348 957.617570
554.456345 957.617399
554.458939 957.616897
554.459121 957.616031
554.459148 957.616012
554.459150 957.615998
554.459150 957.615991
554.459150 957.615986
554.460175 957.615110
554.462829 957.612299
554.463031 957.611902
554.463228 957.610914
554.463512 957.610845
554.463570 957.610365
554.463862 957.608612
554.463875 957.608221
554.463923 957.606554
554.466259 957.605073
554.467909 957.604918
554.471504 957.604691
554.471671 957.603959
554.473178 957.603472
554.474168 957.599416
554.475944 957.597850
554.477241 957.593879
554.477266 957.593478
554.477289 957.593464
554.477294 957.593462
554.477296 957.592870
554.477303 957.592629
554.477335 957.591382
554.478088 957.573633
554.478089 957.572740
554.478103 957.571758
554.478107 957.555373
554.478117 957.554503
554.478133 957.543908
554.478151 957.541494
554.490777 957.540509
554.491442 957.538853
554.503512 957.537423
554.505072 957.501456
554.507412 957.500816
554.507799 957.498203
554.508532 957.497993
554.509005 957.497887
554.509123 957.497199
554.509142 957.496996
554.510788 957.488408
554.518816 957.135834
554.542152 957.012773
554.547401 956.980623
554.556103 956.920391
554.556629 956.912532
554.559411 956.903359
554.566459 956.870964
554.589608 956.809636
554.623075 956.641463
555.599924 942.467283
555.721934 935.176856
556.112668 934.571182
556.125297 934.205540
556.126637 934.170015
556.127998 933.991226
556.131371 933.947256
556.188419 933.887285
556.236066 932.275175
556.260135 922.891870
556.274848 920.897743
556.310387 920.848840
556.310809 920.828267
556.312445 920.790614
556.312455 920.772639
556.312707 920.768810
556.313117 920.745331
556.313975 920.732071
556.317202 920.350012
556.320333 920.292767
556.336110 919.967263
556.342235 919.934261
556.342681 919.915660
556.343398 919.909972
556.343713 919.900017
556.343715 919.894970
556.343720 919.892567
556.457522 919.234131
557.340840 918.083892
557.422284 917.996116
557.454175 917.994417
557.515719 917.990404
558.328532 917.945503
558.697409 917.907954
558.836230 917.891909
558.865034 917.831851
564.058216 917.709226
564.130522 915.391667
564.184956 915.294368
564.274113 915.080085
564.362420 914.947073
564.981790 914.904979
565.758664 914.794216
566.079860 914.792856
566.236067 914.791590
566.689004 914.788929
566.702217 914.408370
566.732516 914.246238
566.733786 914.225821
566.742510 914.212867
576.834329 912.066802
576.837222 912.064631
576.837388 912.064255
576.844091 912.062047
576.850447 912.061663
576.873264 912.061648
576.876235 912.060156
576.876399 912.059921
576.879668 912.059901
576.893213 912.059591
576.899864 912.059574
576.902726 912.059522
576.907053 912.059514
576.907817 912.059513
576.913917 912.058876
577.316641 912.003490
577.372758 911.993194
577.394852 911.986202
577.533138 911.930288
577.767820 911.843714
577.780329 911.827595
577.783419 911.766134
577.828151 911.742341
577.829375 911.725618
577.830912 911.715665
577.838755 911.704414
577.860107 911.704413
577.876298 911.704399
577.876494 911.704254
577.877288 911.704242
577.889504 911.704102
577.901067 911.704095
577.917211 911.704038
577.925475 911.704007
577.937401 911.703748
577.962446 911.703583
577.991467 911.703438
577.996815 911.703421
577.998389 911.703419
578.014636 911.703418
578.044207 911.703402
578.047802 911.703389
578.050016 911.703388
578.059368 911.703384
578.063855 911.703382
578.744276 911.702534
578.751639 911.702306
578.770953 911.701808
578.805153 911.701780
578.926813 911.701771
579.116519 911.701759
579.116523 911.701754
579.116564 911.701752
579.116567 911.701744
579.119074 911.701679
579.173722 911.701673
579.205307 911.701660
579.261103 911.465665
579.592181 910.991154
579.670184 910.430486
580.313049 910.389029
580.473823 910.375265
580.593056 910.173889
580.668163 910.165823
580.720054 910.155810
580.915738 910.113413
580.990519 909.978457
582.312444 908.858648
582.576756 908.812732
582.588203 908.792861
583.665042 908.750754
584.527977 908.404858
584.549527 903.263726
588.049455 898.744532
590.076268 897.703466
590.114446 897.703142
590.229085 897.702161
590.232009 897.692979
590.242562 897.643576
590.243841 897.621123
590.244584 897.621093
590.246499 897.621003
590.247569 897.620939
590.279997 897.620903
590.459706 897.300751
590.952223 897.019197
600.790333 896.976406
608.684961 896.783136
614.696019 896.675338
617.621276 896.653482
622.743962 896.490782
622.744351 896.485637
622.746630 896.325685
622.746752 896.318007
622.747122 896.250183
622.748184 896.201616
622.776033 896.192640
622.780133 896.019498
623.788644 895.935519
623.862550 895.921005
624.026771 895.899117
624.137748 895.853946
624.180957 895.682702
625.251173 895.499091
625.253138 895.498942
625.253580 895.498929
625.254537 895.498524
625.254736 895.497762
625.254741 895.497256
625.254815 895.496292
625.254835 895.495804
625.254838 895.495428
625.254838 895.495231
625.254839 895.494809
625.254840 895.494427
625.254841 895.493746
625.254844 895.493072
625.254879 895.490409
625.254903 895.486891
625.254905 895.485986
625.254910 895.480698
625.254913 895.476862
625.255142 895.470039
625.255459 895.464172
625.273617 895.463548
625.274276 895.460808
625.274342 895.457188
625.274801 895.452135
625.274883 895.451812
625.276371 895.445341
625.276758 895.384687
625.280841 895.382278
625.282246 895.373012
625.375362 895.372667
625.377317 895.372470
625.377539 895.372368
625.417896 895.371006
625.422346 895.358942
625.454280 895.350930
625.454463 895.349700
625.455015 895.349205
625.461777 895.349152
625.462636 895.347756
625.465993 895.346079
625.505994 895.143958
625.706854 895.119624
626.254525 895.118571
626.334190 895.118209
627.202776 895.003796
629.127208 894.940838
629.299561 894.902957
631.079992 894.700164
631.587974 894.491027
631.588201 894.490767
631.595071 894.482922
631.596093 894.482835
631.597272 894.482534
631.598647 894.479755
631.598759 894.479622
631.598926 894.479620
631.600470 894.479419
631.601538 894.476801
631.601545 894.476722
631.601628 894.476684
631.602530 894.476572
631.605700 894.476287
631.605990 894.476173
631.657351 894.418299
631.664827 894.408699
631.708278 893.794200
631.730942 893.504842
631.881531 893.458437
631.882901 893.434182
631.887203 893.359063
631.893922 893.090081
764.939617 886.911413
766.819196 863.071681
768.163184 856.763287
769.392608 855.419527
785.895455 835.200370
785.897854 835.194332
785.898123 835.194197
785.899560 835.194125
785.900952 835.193824
785.900984 835.193644
785.900987 835.193528
785.901001 835.193484
785.901035 835.193473
785.902612 835.186890
785.903872 835.184860
785.904945 835.184100
785.908432 835.180464
785.912017 835.178285
785.912076 835.176496
785.912098 835.172871
785.912631 835.170726
785.921290 835.170632
785.923772 835.167843
785.925834 834.915664
785.925920 834.864000
785.926052 834.853172
785.927290 834.411189
785.927738 834.212314
785.927746 834.192827
785.928092 834.145472
785.928107 834.145222
785.928596 834.144743
785.932007 834.132276
785.940691 833.776788
786.181658 829.002098
786.928648 826.996530
787.126057 826.263361
787.126688 826.259097
787.127793 826.259077
787.128019 826.258701
787.128058 826.258673
787.128095 826.258668
787.130701 826.256144
787.130725 826.255613
787.131180 826.253372
787.133619 826.251566
787.134115 825.848517
787.150637 825.391371
787.562170 825.330647
787.562349 825.330053
787.562370 825.329405
787.564536 825.328619
787.565218 825.327938
788.180038 825.321483
788.539855 825.321324
788.772855 825.236999
788.772893 825.235129
788.773462 825.226779
788.780479 825.213740
788.782634 825.209748
788.782671 825.203391
788.798425 825.202516
788.804237 825.164590
788.807768 825.161329
788.810300 825.160424
788.815444 825.152793
788.815990 825.137034
788.817328 825.134793
788.834761 825.131329
788.843606 825.122223
788.852735 825.114390
788.859861 825.050795
789.015252 825.023877
789.576818 824.889763
789.893072 824.680563
789.893189 824.268363
789.895526 824.218702
789.895866 824.206639
789.896228 824.206222
789.900646 823.622300
789.901420 823.620311
789.901429 823.586343
789.901429 823.540117
789.901693 823.529094
789.901696 823.529080
789.901697 823.529077
789.901697 823.529073
789.901697 823.529040
789.901698 823.529021
789.901700 823.528992
789.901750 823.528988
789.901752 823.528985
789.901753 823.528984
789.901753 823.528984
789.901755 823.528981
789.901755 823.528978
789.901756 823.528976
789.901756 823.528971
789.901756 823.528971
789.901757 823.528967
789.901760 823.528965
789.901761 823.528960
789.901761 823.528943
789.901762 823.528943
789.901762 823.528943
789.901762 823.528943
789.901762 823.528942
789.901762 823.528942
789.901762 823.528942
789.901762 823.528942
789.901762 823.528941
789.901762 823.528941
789.901763 823.528939
789.901764 823.528803
789.901764 823.528802
789.901764 823.528794
789.901765 823.527299
789.901932 823.526942
789.902527 823.522276
789.902706 823.521426
789.903375 823.514788
789.904794 823.514619
789.904805 823.514248
789.904835 823.511022
789.904842 823.499615
789.904842 823.497007
789.904842 823.496906
789.904842 823.496876
789.904842 823.496874
789.904842 823.496864
789.904842 823.496846
789.904842 823.490021
789.904853 823.487170
789.904854 823.483874
789.904988 823.481285
789.904989 823.480859
789.904990 823.478171
789.905007 823.475418
789.905007 823.474886
789.905011 823.474772
789.905053 823.472476
789.905057 823.469308
789.905066 823.464546
789.905546 823.463629
789.906020 823.459545
789.906253 823.459499
789.906381 823.458509
789.906381 823.458493
789.906382 823.458489
789.906386 823.458306
789.906401 823.458218
789.906438 823.458204
789.906672 823.456810
789.906739 823.456792
789.908090 823.452820
789.908642 823.450760
789.909462 823.407835
789.909874 823.403870
789.909882 823.403330
789.909882 823.403268
789.909884 823.400991
789.909898 823.392972
789.909898 823.387989
789.909899 823.373737
789.909902 823.363612
789.909904 823.362851
789.909905 823.362057
789.909907 823.360541
789.909907 823.358719
789.909909 823.358538
789.909911 823.358499
789.909924 823.358324
789.909924 823.358282
789.909925 823.357995
789.909925 823.357992
789.909926 823.357991
789.909926 823.357964
789.909927 823.357907
789.909928 823.357882
789.909928 823.357868
789.909939 823.357718
789.910101 823.349749
789.910199 823.331442
789.910327 823.329639
789.910333 823.329612
789.910337 823.329584
789.910337 823.329583
789.910337 823.329583
789.910337 823.329580
789.910337 823.329578
789.910338 823.329557
789.910360 823.329531
789.910376 823.319841
789.910393 823.319253
789.910402 823.317902
789.910463 823.317666
789.912475 823.306052
789.915639 823.297258
789.921583 823.286399
789.923790 823.279723
789.925008 823.128627
789.950857 822.948123
789.959854 822.945129
789.967857 822.913169
789.971200 822.902677
789.980762 809.189898
789.980811 808.705991
789.980892 808.677575
789.981195 808.676462
789.981200 808.675785
789.981202 808.672079
789.981355 808.664499
789.981571 808.336357
789.982285 808.335646
789.982444 808.331280
789.982546 808.324068
789.985079 808.322491
789.988668 808.310020
789.991114 808.304660
789.998774 808.239286
790.841906 807.571991
794.746725 807.487174
804.112379 807.416820
804.232791 804.622461
808.966018 803.320501
808.987967 803.311030
808.989259 803.290542
809.002635 802.882312
809.405428 802.844636
809.760620 802.720988
809.825929 802.677806
820.187629 802.673855
826.352274 802.666983
826.616281 802.666862
826.624565 802.666779
826.631389 802.666617
827.321662 802.659744
827.326595 802.659310
827.327507 802.659190
827.331266 802.659050
827.343548 802.658952
832.157436 802.650094
832.503570 802.320635
832.977179 801.967892
833.121556 801.692513
833.122482 801.634309
833.125776 801.603694
833.127016 801.580137
833.127460 801.570714
833.128935 801.167589
833.128991 800.699976
833.129486 800.575649
833.130453 800.289257
833.134694 800.281564
833.146923 800.192196
833.248635 800.174509
833.267101 799.702925
833.287955 799.633344
833.561806 748.743115
833.562012 748.734203
833.562034 748.731750
833.562047 748.728194
833.562407 748.528032
833.562481 748.508595
833.562483 748.507385
833.562485 748.505451
833.562550 748.499706
833.562558 748.465493
833.562623 748.459896
833.562626 748.450563
833.562681 748.450489
833.562724 748.070798
833.562831 748.054022
833.562845 748.047359
833.562855 748.036333
833.562898 748.018490
833.562957 748.013630
833.562978 747.997239
833.562995 747.934032
833.563019 747.893685
833.567601 747.039390
833.568903 745.582340
833.568971 743.384290
833.569342 740.068672
833.569352 730.712154
834.024576 730.688738
834.156853 730.665650
834.161292 730.658031
834.163983 730.631431
834.172245 730.589547
834.190148 730.575211
834.428136 730.568819
834.556266 730.564607
834.557653 730.562302
834.562275 730.554836
834.564951 730.545125
834.571904 730.514677
834.576611 730.506470
836.741236 729.652667
836.772519 729.557582
836.956593 729.270646
836.961502 728.973812
838.869237 728.787951
841.599022 728.719404
841.868395 728.593747
843.302816 728.543891
848.136066 728.535920
862.238201 728.471051
871.159972 728.436290
874.823896 728.397216
884.292077 728.353790
886.838251 728.349583
889.806871 728.349481
922.137140 725.667672
923.475506 670.393482
924.228895 654.182968
927.482732 597.458865
928.686270 591.229927
929.120809 588.877383
929.138993 584.577105
929.192821 583.932910
929.940346 373.681940
938.350045 218.307564
938.587347 206.247796
938.599870 200.042144
939.068550 194.997978
941.297733 137.560158
941.489878 130.070104
942.137632 129.392974
946.775547 129.302768
947.075873 127.610354
950.692811 127.289433
968.473599 126.791130
969.592376 126.786870
969.942719 126.777507
969.947976 126.777044
969.981963 126.776903
969.998261 126.776701
970.218381 126.767343
970.307366 126.557621
970.325535 126.550850
970.337833 126.520253
970.515982 126.444369
970.674531 126.436110
971.246603 126.407720
984.330750 125.981152
991.284992 118.715956
991.285260 117.630639
991.285291 117.356282
991.285539 117.306241
991.311492 117.036183
991.316291 116.704728
991.353092 116.085175
991.387459 114.058888
991.444727 113.822822
991.482483 113.548522
991.488734 112.992570
991.528881 112.960380
991.567889 112.943354
991.600655 112.919496
991.682762 112.458045
991.684898 112.449790
991.685021 112.447604
991.685030 112.440872
991.685111 112.437908
991.706720 111.930754
991.712184 111.614275
991.798688 111.607030
991.847167 108.123699
991.852982 106.792987
991.858915 106.371877
991.863471 105.624324
991.864528 102.116483
991.865586 102.111780
991.867765 102.097655
991.880661 102.051988
992.274098 101.657230
992.279109 101.511772
992.289135 101.486028
992.358506 101.418079
992.499601 101.338645
992.547888 101.248207
992.856497 100.506602
992.920858 99.779545
992.924647 99.580497
992.927532 99.526798
993.149747 99.526137
993.179526 99.525902
993.184496 99.517324
993.324228 99.424758
993.424959 97.883619
993.434545 97.853593
993.452575 97.831866
993.456056 97.830399
993.456328 97.792438
993.462200 97.790136
993.462204 97.779347
993.467247 97.773458
993.742693 97.666976
993.832640 97.628685
993.833357 97.628391
993.835101 97.628112
993.846044 97.619384
993.854278 97.615253
993.854297 97.613648
993.855705 97.612495
993.856686 97.583214
993.859311 97.580413
993.860908 97.580366
993.865105 97.574516
993.869569 97.574351
993.886825 97.572724
993.896852 97.571470
993.898121 97.567148
993.899382 97.566666
993.900137 97.561385
993.900282 97.559783
993.901183 97.558838
993.927272 97.555698
993.937990 97.552726
993.961539 97.550355
994.050190 97.523014
994.227332 97.393643
994.332312 97.363109
994.572469 97.264792
994.635489 80.622460
994.767321 72.551640
994.969580 56.285105
994.992713 56.176215
995.000805 56.175854
995.001089 55.897021
995.021341 55.747974
995.621680 55.645458
995.916611 51.927906
995.981233 50.847055
995.982147 49.575233
995.982537 49.271165
996.527135 48.512139
996.834038 24.449569
996.871821 17.652421
996.929032 17.143225
996.937217 16.477755
996.947827 16.435269
996.962961 16.381194
996.977521 15.168180
996.981926 14.175069
996.984462 10.152602
997.031731 8.106317
997.269066 7.425231
997.484308 5.634221
997.951960 0.476169
999.950660 0.173469
999.968757 0.082513
