2000.000000 2.000000
0.043314 999.901887
0.045544 999.877595
0.049854 999.839942
0.055611 999.813017
0.055706 999.802405
0.055898 999.795820
0.056277 999.789889
0.056659 999.789633
0.056755 999.789506
0.056800 999.788654
0.057325 999.787170
0.059066 999.784547
0.059340 999.784520
0.079636 999.784256
0.080102 999.784169
0.080128 999.782821
0.080134 999.781799
0.081535 999.774662
0.081556 999.772199
0.081733 999.767091
0.081804 999.765095
0.081841 999.764852
0.082051 999.763432
0.510176 999.728754
0.525733 999.211327
0.595320 998.303174
0.737474 997.791136
0.854653 997.708368
0.980656 997.248593
0.985165 997.228285
0.986172 997.224780
0.993952 997.224340
0.995314 997.223657
0.995349 997.223580
0.996574 997.215962
1.022308 997.001072
1.972124 996.500100
1.975427 996.228967
1.985299 995.676553
2.102334 995.555877
2.159012 995.439969
2.354076 995.382179
2.766764 995.382090
3.025526 995.381958
3.422318 995.205536
4.014503 995.151447
4.319865 995.067364
4.650695 995.066672
5.402395 995.066602
6.429952 995.062692
6.614192 995.062265
6.731321 995.060551
6.908823 995.060437
6.929696 995.059947
10.903279 995.059311
18.702207 995.045666
18.711797 995.045598
18.749606 995.044567
18.796731 995.039028
18.805097 995.038046
19.470897 995.036447
19.572887 995.035634
19.949367 995.031771
19.963446 995.016154
19.965626 995.016138
19.965749 995.016135
19.965778 995.016131
19.965779 995.016131
19.965796 995.016131
19.968939 995.016131
19.969196 995.016059
19.969247 995.016056
19.969267 995.016054
19.969289 995.016054
19.974260 995.015783
19.975833 995.014915
19.981671 995.014763
19.981675 995.014758
19.981681 995.014749
19.981695 995.014747
19.981696 995.014682
19.981714 995.014678
19.981745 995.014677
19.981821 995.014419
19.981971 995.014363
19.982452 995.014350
19.983589 995.014346
19.985571 995.014334
19.985754 995.014320
19.985860 995.014299
19.986675 995.014251
19.986691 995.014241
19.986720 995.014221
19.986799 995.014216
19.987203 995.014192
19.987739 995.014136
19.987902 995.014008
19.988213 995.013981
19.988296 995.013980
19.988300 995.013979
19.988301 995.013977
19.988304 995.013975
19.988500 995.013971
19.988506 995.013967
19.988507 995.013962
19.988508 995.013961
19.988508 995.013961
19.988509 995.013961
19.988525 995.013960
19.988601 995.013960
19.988601 995.013959
19.988605 995.013948
19.989224 995.013944
19.990030 995.013943
19.990105 995.013942
19.990414 995.013941
19.990637 995.013700
19.990708 995.013488
19.991133 995.013297
19.995645 995.013049
20.000096 995.012507
20.000167 995.012505
20.000178 995.012493
20.000214 995.012491
20.000336 995.012475
20.000892 995.011661
20.001102 995.011317
20.001573 995.011263
20.001722 995.011091
20.003214 995.011086
20.003276 995.010738
20.003941 995.010696
20.020141 995.010563
20.020801 995.010561
20.022673 995.010560
20.022678 995.010560
20.022690 995.010560
20.022870 995.010559
20.024478 995.010553
20.029900 995.010550
20.030882 995.010550
20.033447 995.010549
20.035979 995.010502
20.036969 995.010501
20.036998 995.010497
20.037067 995.010476
20.037389 995.010386
20.037927 995.010338
20.039388 995.010293
20.040645 995.010287
20.043927 995.010133
20.048364 995.010085
20.051986 995.010014
20.052877 995.009965
20.056160 995.009963
20.056313 995.009962
20.056740 995.009962
20.056904 995.009962
20.056956 995.009962
20.057584 995.009695
20.065393 995.009649
20.065443 995.009648
20.068141 995.008310
20.069847 994.996681
20.070238 994.995756
20.070971 994.995607
20.072745 994.995542
20.074047 994.995491
20.082030 994.991271
20.087307 994.991258
20.091829 994.991115
20.092090 994.984982
20.092172 994.982762
20.092178 994.982709
20.092203 994.982706
20.092203 994.982704
20.092203 994.982700
20.092208 994.982700
20.092210 994.982700
20.092216 994.982694
20.092268 994.982353
20.092282 994.981123
20.092287 994.981123
20.092295 994.981122
20.092296 994.981075
20.092299 994.980999
20.092299 994.980998
20.092300 994.980993
20.092302 994.980986
20.092302 994.980982
20.092303 994.980982
20.092304 994.980962
20.092305 994.980958
20.092305 994.980934
20.092305 994.980933
20.092306 994.980830
20.092306 994.980771
20.092306 994.980759
20.092306 994.980717
20.092306 994.980708
20.092306 994.980696
20.092391 994.980672
20.092403 994.980662
20.092427 994.980638
20.092436 994.980574
20.092436 994.980525
20.092438 994.980520
20.093717 994.979038
20.093836 994.975619
20.093900 994.975440
20.093902 994.975288
20.093915 994.975270
20.093950 994.975258
20.093959 994.975258
20.093991 994.975106
20.094022 994.975075
20.094047 994.975074
20.094062 994.975064
20.094111 994.975063
20.094113 994.974988
20.094136 994.974938
20.094136 994.974936
20.094136 994.974934
20.094136 994.974932
20.094138 994.974929
20.094146 994.974915
20.094146 994.974915
20.094146 994.974915
20.094146 994.974915
20.094146 994.974915
20.094146 994.974915
20.094146 994.974915
20.094146 994.974915
20.094147 994.974915
20.094147 994.974915
20.094147 994.974914
20.094147 994.974914
20.094147 994.974914
20.094148 994.974913
20.094148 994.974913
20.094149 994.974913
20.095282 994.974906
20.095535 994.974792
20.095681 994.974431
20.095863 994.974189
20.096199 994.973711
20.096713 994.973494
20.096775 994.972951
20.097223 994.972461
20.099862 994.972238
20.101797 994.971435
20.113318 994.971006
20.114906 994.970179
20.118480 994.970153
20.124296 994.969887
20.124394 994.969515
20.124407 994.969101
20.124436 994.968925
20.124437 994.968909
20.124454 994.968756
20.124505 994.968732
20.124582 994.968696
20.124686 994.968683
20.124708 994.968637
20.126063 994.968412
20.128723 994.968393
20.128759 994.968383
20.128781 994.968377
20.128782 994.968363
20.128867 994.968362
20.128989 994.968348
20.135134 994.968263
20.135158 994.968240
20.135162 994.968240
20.135165 994.968240
20.135166 994.968238
20.135167 994.968238
20.135168 994.968238
20.135174 994.968238
20.135175 994.968236
20.135178 994.968236
20.135178 994.968230
20.135178 994.968230
20.135178 994.968230
20.135178 994.968229
20.135178 994.968228
20.135181 994.968128
20.135181 994.968123
20.135183 994.968121
20.135183 994.968120
20.135183 994.968117
20.135184 994.968111
20.135184 994.968079
20.135184 994.968079
20.135184 994.968079
20.135184 994.968079
20.135184 994.968078
20.135187 994.968051
20.135192 994.968041
20.135192 994.968040
20.135915 994.967755
20.142976 994.967640
20.145734 994.967554
20.146946 994.967285
20.153801 994.966859
20.157488 994.966757
20.158038 994.966419
20.232415 992.060988
20.364183 989.330021
20.375205 989.071134
20.383810 988.833691
20.387132 988.830975
20.388603 988.824658
20.402443 988.821666
20.402499 988.817643
20.403557 988.816560
20.403557 988.808800
20.403557 988.687418
20.403558 988.675776
20.403558 988.665072
20.403558 988.663779
20.404351 988.344537
20.405646 988.086086
20.595270 979.249036
24.032797 975.795899
24.035670 975.788525
24.048511 975.787960
24.055246 975.780699
24.063538 975.776895
24.091743 975.753224
24.093638 975.744393
24.104690 975.735658
24.213825 975.729048
24.217770 975.728627
24.217988 975.728323
24.218270 975.728124
24.218365 975.728069
24.218821 975.727977
24.221450 975.727919
24.225575 975.727885
24.231544 975.727397
24.232190 975.726688
24.237848 975.717960
24.243816 975.716070
24.244324 975.709939
24.244429 975.709839
24.244436 975.709799
24.244449 975.709607
24.244512 975.708887
24.244520 975.706910
24.246132 975.703880
24.246138 975.702956
24.246164 975.702783
24.246196 975.701819
24.246230 975.700852
24.246236 975.700749
24.246236 975.700426
24.452948 975.681865
24.455766 975.641781
24.460774 975.616990
24.487498 975.569978
24.512634 975.563284
24.620055 975.545332
24.638234 975.529323
24.693229 975.521176
24.763330 975.519472
24.798146 975.517008
25.002760 975.505585
25.747186 975.326803
25.749954 975.326025
25.749955 975.326007
25.749957 975.326007
25.749992 975.325997
25.750135 975.325987
25.750196 975.325984
25.750219 975.325952
25.750451 975.325780
25.750457 975.325780
25.750459 975.325779
25.750463 975.325779
25.750465 975.325779
25.750487 975.325652
25.750607 975.325530
25.750644 975.325502
25.751191 975.325140
25.751220 975.325115
25.751276 975.325114
25.751346 975.325066
25.751388 975.325047
25.751402 975.325044
25.751648 975.325038
25.752123 975.324986
25.752252 975.324003
25.752343 975.320732
25.752350 975.320709
25.752372 975.319487
25.752415 975.319472
25.752476 975.319452
25.752485 975.319448
25.752488 975.319249
25.752564 975.319134
25.757340 975.317234
25.758519 975.316424
25.768379 975.310648
25.769477 975.308602
25.769574 975.303466
25.771384 975.198255
25.779059 975.017729
27.068200 974.922713
27.683151 974.910145
28.344439 974.866172
28.345140 974.866106
28.347850 974.866025
28.351207 974.865882
28.351532 974.865423
28.353648 974.865337
28.354142 974.865333
28.355112 974.865312
28.355216 974.865129
28.355313 974.865076
28.355315 974.865071
28.355698 974.865038
28.378856 974.805906
28.387880 974.805340
28.393562 974.795850
28.397544 974.791205
28.401110 974.788256
28.401961 974.788250
28.402051 974.787720
28.404113 974.787534
28.405816 974.787223
28.410284 974.782467
28.741085 974.781581
29.070078 974.780308
30.683276 974.779725
30.924318 974.779131
31.191421 974.777745
31.214934 974.777724
31.499653 974.777687
31.535988 974.777623
31.835604 974.777544
31.836784 974.770547
31.837580 974.758189
31.845813 974.746240
31.952693 974.664308
32.794991 974.640232
32.795869 974.638870
32.798861 974.638446
32.800336 974.623931
32.814455 974.610257
32.827661 974.593793
32.873580 974.593641
32.906143 974.593620
32.911575 974.588517
32.913559 974.587843
32.916729 974.584920
32.917773 974.549447
32.944628 974.358333
32.953061 974.330687
32.954633 974.321271
32.954728 974.313613
32.954751 974.308149
32.963973 974.300302
33.044333 971.548150
33.156537 971.448153
33.163147 971.395577
33.164818 971.365382
33.166921 971.338695
33.174055 970.048939
33.249893 966.084988
33.252920 965.881732
33.257085 965.880656
33.259427 965.783068
33.259697 964.686991
33.259919 964.678503
33.260200 964.588592
33.260254 964.581110
33.260631 963.938316
33.261373 962.158673
33.261551 956.572136
33.262014 956.150469
33.262069 955.918342
33.262074 955.360967
33.262098 955.326376
33.262101 955.311389
33.262103 955.217971
33.262199 955.217942
33.262258 955.217893
33.262804 955.206009
33.263860 955.199303
33.264757 955.143280
33.264833 955.136342
33.264960 955.134909
33.265095 955.121239
33.265371 955.093422
33.266047 954.242065
33.266051 954.000412
33.266076 953.987652
33.267692 953.639376
33.270211 953.128850
33.273391 953.104742
33.286225 953.104423
33.288380 953.104407
33.288783 953.104403
33.288833 953.104396
33.288950 953.104387
33.296198 953.104352
33.296203 953.104352
33.296236 953.104351
33.296322 953.104344
33.296363 953.104344
33.296398 953.104344
33.297295 953.104338
33.297340 953.104336
33.297441 953.104334
33.298525 953.104307
33.299563 953.100350
33.300024 953.099722
33.300453 953.099025
33.308618 953.098674
33.343538 953.097910
33.376101 953.094230
33.398547 953.091243
33.400080 953.060125
33.400410 953.037865
33.401097 953.037429
33.402926 953.036773
33.402950 953.036686
33.402951 953.036673
33.402965 953.036599
33.403855 953.035449
33.403871 953.035407
33.403880 953.035321
33.403881 953.035226
33.403885 953.035177
33.441644 953.032686
33.442446 953.032679
33.442457 953.032679
33.442465 953.032678
33.442499 953.032677
33.442500 953.032677
33.442546 953.032677
33.442554 953.032677
33.442560 953.032674
33.442561 953.032671
33.442561 953.032670
33.444414 953.031822
33.446284 953.031711
33.447620 953.031682
33.448161 953.031528
33.448676 953.031366
33.448944 952.997892
33.449026 952.994342
33.449040 952.974834
33.449117 952.967062
33.449124 952.931374
33.449142 952.931012
33.449621 952.928427
33.452087 952.907378
33.452088 952.882680
33.988412 952.529600
34.016178 952.352245
34.278323 951.726783
73.373818 948.298222
76.908114 948.297832
77.332420 948.297802
77.491055 948.297682
87.394807 948.296861
103.770721 948.294483
126.857712 947.960299
154.536384 946.886868
212.424419 946.554438
233.487539 945.875138
262.687350 944.677705
271.503379 943.781496
348.909183 942.915158
348.923684 942.252232
349.056148 941.853056
349.081714 939.450601
349.095783 936.631005
349.101660 936.606118
349.101837 936.581164
349.110843 936.581022
349.177369 936.565320
349.242030 936.548615
349.436016 936.533298
349.704150 936.494089
349.751567 936.467783
349.778882 936.459728
349.829283 936.454225
349.882612 936.399906
350.001735 936.248732
350.087101 936.208896
350.227493 936.207839
354.949393 936.041189
355.073749 935.999688
355.592892 935.997048
355.948476 935.982302
355.954966 935.982081
355.989508 935.981870
356.498030 935.981740
357.182133 935.956547
357.653504 935.934769
358.093480 935.928930
358.869405 935.920189
359.423881 935.875867
360.845463 935.749155
360.993068 935.673909
361.526349 935.207913
361.821682 933.656105
362.527838 933.050450
362.545028 931.999220
371.724279 928.169840
371.746682 925.792698
371.748784 924.094253
373.006896 924.037914
373.119583 922.836216
373.350128 922.444327
427.034632 855.648954
428.256997 849.931028
428.485072 848.688562
439.020488 838.381172
439.508236 834.208089
447.105977 834.161956
447.459323 833.984715
457.983881 833.852181
459.870319 833.762587
460.518926 833.580318
460.877541 833.362497
461.154044 833.078284
461.197657 833.058796
461.453948 833.051636
461.457599 833.048038
461.459482 833.047499
461.655622 833.038826
499.841729 830.700824
499.844677 830.650793
500.112152 830.609706
500.171359 830.598254
530.984346 830.495143
531.306555 830.493199
531.915735 830.488213
534.482333 830.468322
534.623092 830.464450
535.560680 830.435948
535.618756 830.309863
536.750792 830.278047
551.936061 827.363707
555.510248 825.338504
557.056715 816.089960
565.753888 815.553150
569.283205 815.390841
572.596247 815.329045
573.921142 815.241269
575.932911 814.900063
575.937467 813.671158
575.937512 813.463961
575.937576 812.474183
575.938089 812.444661
575.938681 812.411001
575.938921 812.406879
575.939690 812.403265
575.940644 812.163070
575.941936 811.478424
575.942192 811.047850
575.942219 810.847951
575.942335 810.546862
575.942387 810.541184
575.942484 809.910256
575.943420 809.577596
575.943421 809.574291
575.943422 809.568251
575.943437 809.524845
575.955363 807.803974
575.956428 807.646912
576.043033 807.420670
576.124490 806.716661
576.127282 806.715304
576.127366 806.686595
576.127584 806.419676
576.128727 806.359306
576.146208 805.859726
576.155483 802.088856
576.155496 802.046671
576.155548 802.038349
576.155570 802.036884
576.155573 802.022748
576.155578 801.947894
576.155587 801.913191
576.155639 801.903328
576.155665 801.855844
576.155688 801.824734
576.155706 801.815241
576.155706 801.358575
576.155726 801.306098
576.155727 800.006500
576.155727 799.887017
576.155880 797.661678
576.156270 797.592945
576.156691 797.480925
576.156871 797.268886
576.156999 797.238033
576.157100 797.133674
576.157114 797.086078
576.157184 797.037927
576.157336 797.023047
576.157378 797.012750
576.157873 797.000796
576.166588 795.689701
576.182377 793.897236
576.185033 793.841474
576.187207 793.811862
576.194488 793.550744
576.194531 793.540699
576.195343 793.456040
576.195617 793.419393
576.199166 791.800743
576.208557 790.977140
576.209805 790.958774
576.210201 790.938103
576.213227 790.917061
576.214282 790.692571
576.215760 790.355542
576.216294 790.343529
576.216422 790.338386
576.299412 790.311428
576.352201 790.303159
577.609067 790.277321
577.743798 790.124941
578.214151 790.110205
578.256360 790.068139
578.264172 790.049504
578.375459 790.010962
578.450365 789.545665
578.752205 789.516028
579.704005 789.374468
579.710127 789.345850
579.794041 789.236398
579.794125 789.226788
579.794587 789.200472
579.795299 789.189968
579.798432 789.170165
579.814904 789.166179
579.824925 789.161094
579.831784 789.160879
579.840728 789.160824
579.844308 789.156625
579.847243 789.132965
579.881930 787.390326
579.884223 786.927348
579.891750 786.770828
579.894813 786.496651
579.916209 786.481179
579.931174 786.089469
579.931596 785.744066
579.940509 785.654429
579.941939 785.574866
579.948760 785.539493
580.081019 785.487735
580.116233 785.427223
580.270494 785.425537
580.271248 785.171621
580.276434 785.169520
580.276882 785.145356
580.277061 785.144596
580.277819 785.138735
580.277932 785.081524
580.278103 785.080072
580.278126 785.078740
580.278148 785.078502
580.278219 785.068899
580.278283 785.064831
580.278298 785.059177
580.278580 785.056072
580.279268 785.054486
580.280484 785.039704
580.281070 784.911968
580.291060 784.891923
580.293945 784.891586
580.294493 784.886979
580.294499 784.886971
580.294506 784.886929
580.294565 784.885860
580.294738 784.885381
580.294887 784.883657
580.295592 784.876408
580.296864 784.860389
580.296874 784.855725
580.296876 784.850485
580.296947 784.839071
580.296953 784.838986
580.297073 784.838002
580.297128 784.837521
580.297130 784.837490
580.297130 784.837413
580.297150 784.836960
580.297165 784.836923
580.300043 784.829966
580.300786 784.799763
580.301758 784.782991
580.301929 784.739683
580.302988 784.622819
580.303152 784.613037
580.304407 784.569614
580.304460 784.569273
580.304473 784.567910
580.304473 784.566894
580.304708 784.558497
580.304896 784.558496
580.304917 784.558496
580.305018 784.558496
580.305042 784.558496
580.305191 784.558496
580.305420 784.553143
580.308313 784.549458
580.311301 784.548993
580.311303 784.543669
580.311310 784.537748
580.311319 784.535231
580.311324 784.534361
580.311378 784.531586
580.311419 784.529196
580.311438 784.529134
580.311443 784.529050
580.311450 784.528942
580.311454 784.528722
580.311605 784.528564
580.311609 784.528523
580.312023 784.509996
580.312165 784.509264
580.312939 784.508969
580.313326 784.506502
580.313923 784.491202
580.314553 784.470559
580.314570 784.458164
580.314778 784.413060
580.315172 784.412430
580.315248 784.412416
580.315253 784.412414
580.315281 784.412395
580.315282 784.412393
580.315282 784.412390
580.315283 784.412353
580.315400 784.412334
580.315575 784.412143
580.315688 784.412123
580.315778 784.411560
580.315778 784.410935
580.315865 784.410267
580.315873 784.409596
580.316133 784.409535
580.316393 784.409470
580.316401 784.409450
580.316408 784.409438
580.316418 784.409429
580.316513 784.409400
580.316634 784.409371
580.316640 784.409177
580.316830 784.407567
580.316846 784.407530
580.316884 784.407484
580.316907 784.407445
580.316931 784.407424
580.317040 784.406548
580.317044 784.406425
580.317121 784.398904
580.317385 784.390984
580.318412 784.390469
580.318731 784.385618
580.319074 784.383496
580.319578 784.381195
580.322643 784.379896
580.325060 784.378146
580.326334 784.377132
580.326360 784.375715
580.326563 784.374761
580.326591 784.369668
580.326595 784.368994
580.326639 784.368633
580.326687 784.363612
580.326936 784.362810
580.326967 784.360253
580.326971 784.359766
580.328011 784.359388
580.328082 784.352631
580.328107 784.348828
580.328150 784.348031
580.332704 784.340078
580.333587 784.339174
580.334830 784.337733
580.336874 784.337178
580.337552 784.327978
580.337565 784.327967
580.337611 784.327929
580.337711 784.327926
580.337852 784.327916
580.338198 784.327694
580.338478 784.327010
580.338571 784.321556
580.340369 784.319559
580.340726 784.319527
580.341380 784.319436
580.346957 784.297753
580.351053 784.289561
580.351057 784.286042
580.351820 784.285387
580.354041 784.283804
580.354189 784.243522
580.354200 784.241301
580.354216 784.227516
580.354228 784.178792
580.366631 784.132148
580.367437 784.131320
580.367742 784.128900
580.368483 784.128849
580.371397 784.128771
580.372143 784.128648
580.372829 784.128555
580.372844 784.128453
580.372936 784.128422
580.373028 784.128374
580.373386 784.128221
580.375443 784.090998
580.375704 784.071525
580.375707 784.071393
580.375708 784.070954
580.375718 784.070109
580.375718 784.066939
580.375759 784.060775
580.375763 784.054535
580.375781 784.052502
580.376739 784.029438
580.377153 784.023545
580.379246 784.019118
580.380241 784.002913
580.622061 780.998814
580.783148 780.274033
580.961070 780.219774
580.970423 780.190067
580.973893 780.155244
580.978446 780.108858
580.994461 780.054491
581.069973 779.944230
581.112959 779.127199
581.141947 779.126698
581.244297 779.126636
581.484924 779.126628
581.491991 779.120273
581.492332 779.074765
581.494077 779.057342
581.498221 779.056511
581.659134 779.015174
581.663630 778.907920
581.668832 778.819712
581.671413 778.810438
581.671735 778.805290
581.672340 778.805122
581.680576 778.804778
581.684023 778.804646
581.694129 778.802679
581.695095 778.791281
581.697207 778.588449
581.698767 778.578870
581.699088 778.575943
581.699376 778.564274
581.702962 778.563374
581.718273 778.517179
581.730383 778.512558
581.736313 778.509209
581.743674 778.506842
581.744434 778.505627
581.745604 778.495574
581.747070 778.494225
581.747169 778.489262
581.747663 778.487656
581.748148 778.472155
581.789540 778.466170
581.793491 778.459816
581.796985 778.452433
581.806071 778.450746
581.807276 778.450715
581.819525 778.450712
581.823421 778.450681
581.825554 778.450668
581.833615 778.445653
581.846896 778.442551
581.853746 778.438671
581.875815 778.438497
581.878075 778.438329
581.899627 778.434814
581.901728 778.431508
581.902828 778.431335
581.902841 778.431011
581.904464 778.422248
581.904606 778.415179
581.908849 778.414386
581.910816 778.414022
581.927814 778.412937
581.945143 778.407897
581.945254 778.407657
581.949879 778.406845
581.951265 778.405340
581.969016 778.404750
581.974652 778.403905
581.984034 778.403468
581.984034 778.403297
581.984034 778.403265
581.984038 778.403173
581.984593 778.403140
581.984899 778.403127
581.984912 778.389132
582.162570 778.362387
582.209154 778.292174
582.255796 778.288883
582.267948 778.280995
582.286248 778.276718
582.286266 778.273399
582.286270 778.271689
582.286983 778.248895
582.287030 778.234261
582.287311 778.225769
582.287450 778.225565
582.288019 778.225246
582.304220 778.224229
582.304942 778.222554
582.308060 778.222498
582.381568 778.222326
582.381568 778.222257
582.381569 778.222229
582.381573 778.222213
582.381729 778.222185
582.381759 778.222176
582.381816 778.222166
582.382077 778.222088
582.382374 778.220589
582.382892 778.219842
582.383623 778.217725
582.383667 778.214318
582.383681 778.213936
582.384285 778.209268
582.384285 778.209262
582.384285 778.209259
582.384291 778.209253
582.384327 778.209249
582.384327 778.209242
582.384328 778.209227
582.384328 778.209212
582.384341 778.209209
582.384373 778.209199
582.384380 778.209185
582.384381 778.209141
582.384390 778.209120
582.384401 778.208968
582.384431 778.208820
582.384631 778.208692
582.386019 778.205301
582.386020 778.205300
582.386022 778.205300
582.386022 778.205299
582.386023 778.205295
582.386023 778.205295
582.386023 778.205295
582.387088 778.205268
582.387112 778.205267
582.387165 778.205267
582.387215 778.205267
582.387255 778.205133
582.387528 778.205053
582.387584 778.205020
582.387636 778.204945
582.387648 778.204906
582.387653 778.204869
582.387654 778.204688
582.387657 778.204650
582.387661 778.204544
582.387662 778.204446
582.387664 778.204074
582.387672 778.203825
582.387715 778.200604
582.387738 778.200009
582.387747 778.197803
582.387756 778.196784
582.387760 778.195885
582.387763 778.195303
582.387792 778.194470
582.387800 778.194465
582.388082 778.194423
582.388126 778.194393
582.388561 778.194375
582.388561 778.194367
582.388563 778.194354
582.388680 778.193633
582.390690 778.192722
582.390694 778.192466
582.390696 778.186728
582.390696 778.186166
582.390730 778.185899
582.390740 778.185199
582.390753 778.185126
582.390757 778.181997
582.390761 778.180856
582.391455 778.180524
582.391462 778.180267
582.391619 778.179067
582.391648 778.178034
582.391653 778.178027
582.391654 778.178026
582.391656 778.178026
582.391705 778.178024
582.392469 778.177458
582.392605 778.176818
582.392773 778.176815
582.392836 778.176784
582.393233 778.176642
582.393413 778.176635
582.393673 778.176630
582.395829 778.174877
582.404820 778.166771
582.507877 778.081426
582.578237 777.927843
582.601244 777.822735
582.638794 777.817777
582.641505 777.807364
582.668258 777.793705
582.668642 777.790324
582.669071 777.787139
582.676558 777.773409
582.685297 777.715830
582.685325 777.715645
582.685325 777.715641
582.685326 777.715638
582.685355 777.714643
582.685355 777.714627
582.685356 777.714616
582.685357 777.714616
582.685357 777.714616
582.685357 777.714616
582.685367 777.714609
582.685367 777.714522
582.685367 777.714214
582.685387 777.714126
582.685443 777.714090
582.685448 777.714068
582.685598 777.712990
582.685830 777.712553
582.685845 777.712427
582.685876 777.711234
582.686329 777.705851
582.690822 777.703374
582.690863 777.703244
582.690976 777.703133
582.690987 777.703076
582.691005 777.703057
582.691006 777.703014
582.691007 777.703012
582.691008 777.698559
582.691031 777.695412
582.691033 777.695373
582.691034 777.695203
582.691037 777.694295
582.691038 777.694250
582.691038 777.694215
582.691038 777.694215
582.691038 777.694206
582.691038 777.694206
582.691038 777.694206
582.691038 777.694202
582.691039 777.694200
582.691039 777.694168
582.691039 777.694168
582.691039 777.694168
582.691039 777.694168
582.691039 777.694168
582.691039 777.694167
582.691039 777.694167
582.691039 777.694167
582.691039 777.694166
582.691053 777.694160
582.691055 777.694151
582.691056 777.694129
582.691057 777.694126
582.691062 777.694119
582.691066 777.694112
582.691150 777.694054
582.691151 777.694053
582.691155 777.694053
582.691156 777.693955
582.691229 777.693920
582.691243 777.693232
582.691246 777.693231
582.691248 777.693229
582.691250 777.693229
582.691255 777.693228
582.691255 777.693217
582.691255 777.693211
582.691255 777.693208
582.691255 777.693208
582.691255 777.693207
582.694185 776.885303
582.694718 776.466194
582.698093 775.877243
582.699048 775.876502
582.749312 775.871854
582.792690 775.835754
582.802631 775.834908
582.809350 775.824801
582.844366 775.824324
582.940609 775.751232
582.946083 775.746699
583.018903 775.729989
583.023393 775.724818
583.024541 775.724808
583.028427 775.724235
583.078121 775.718739
583.083396 775.718724
583.083595 775.718704
583.084883 775.718607
583.088564 775.718414
583.093246 775.717694
583.106769 775.717368
583.120589 775.715958
583.128246 775.709745
583.137870 775.708541
583.139205 775.707581
583.171565 775.707268
584.025414 775.300447
584.090826 775.297067
584.242982 775.282167
584.287821 775.276674
584.474833 775.269234
584.507052 775.267816
584.748932 775.166289
584.770223 775.160353
584.819916 775.156045
584.863279 775.150411
584.904827 775.146322
584.949042 775.145937
584.967114 775.145720
585.007505 775.145547
585.019222 775.107669
585.044743 775.063820
585.070469 774.954691
585.098846 774.880460
585.099991 774.803024
585.124607 774.686784
585.184107 774.652794
585.225230 774.579875
585.242831 774.080068
585.246766 773.988256
585.248921 773.747357
585.755051 773.344611
585.782209 773.340487
585.869275 773.311364
585.879800 773.304753
585.887126 773.300043
585.902422 773.294722
622.460208 772.357287
623.437251 771.961925
623.437292 771.820690
623.437297 771.819208
623.437303 771.815440
623.437313 771.803598
623.437523 771.725027
623.437868 771.369302
623.437877 771.369136
623.438012 771.368579
623.438036 771.368405
623.438037 771.368375
623.438037 771.368219
623.438263 771.311753
623.477632 771.239535
623.492087 771.170469
623.493051 771.123385
623.493933 771.113565
623.496546 771.080791
623.500862 771.074008
623.501181 771.071902
623.501463 771.071709
623.558485 771.053850
623.559763 771.002529
623.560416 770.941876
623.623384 770.934149
623.803980 770.930655
623.810698 770.930581
623.812140 770.930568
623.812672 770.930521
623.834108 770.930517
623.849533 770.930516
623.850285 770.930515
623.854358 770.930515
623.895243 770.930515
623.922810 770.930515
623.991533 770.928177
624.487437 770.925996
624.530829 770.924077
624.600224 770.924061
624.724929 770.924046
625.517384 770.539319
626.762943 770.484529
628.810161 770.481153
630.641525 770.478759
631.400359 770.478759
633.542363 770.478756
633.622441 770.478751
633.635989 770.478649
633.648552 770.478638
633.680635 770.478637
633.696959 770.478630
633.709781 770.478627
633.735294 770.478622
633.918988 770.478608
634.334348 770.478575
634.422480 770.478575
634.604616 770.478520
634.606344 770.478511
634.607339 770.478510
634.621995 770.478504
634.653479 770.478495
635.351216 770.478470
635.775508 770.478466
636.812598 770.478463
637.890648 770.478136
638.647764 770.478108
638.698961 770.478092
639.005419 770.477926
768.954421 761.860099
769.979563 752.986684
772.226235 749.485157
790.316816 749.423332
799.058931 740.629982
799.944123 738.579320
800.550177 727.316642
800.550178 727.312771
800.550179 727.301364
800.550187 727.272498
800.550212 727.248341
800.550229 727.192013
800.550242 727.164693
800.550247 727.160119
800.550253 727.154345
800.550264 727.154344
800.550268 727.154342
800.550268 727.154145
800.550280 727.154135
800.550284 727.154126
800.550390 727.092988
800.550750 727.049057
800.557415 727.040026
800.557428 726.731344
800.558997 726.725902
800.559694 726.713443
800.560062 726.692155
800.560135 726.674180
800.560209 726.671742
800.560308 726.668645
800.568389 726.650071
800.573711 726.632326
800.584650 726.583730
800.625869 726.557132
800.679961 726.526033
800.820607 725.967966
800.866113 725.904909
800.943032 725.883177
801.141486 725.844612
801.161222 725.835508
801.964560 725.652201
801.965184 725.571132
802.117174 725.450622
802.120684 725.440104
802.165294 725.422572
802.296829 725.345905
802.320984 725.311218
802.323352 725.272530
802.342298 725.262394
802.343411 725.237263
802.348884 725.222335
802.371565 725.220183
802.375171 725.128077
802.393006 723.494815
802.393199 723.423545
802.398947 723.078258
802.402120 723.065299
802.410241 723.027821
802.411072 721.178261
802.412582 721.162570
802.419829 720.970947
802.493748 720.938169
802.504031 720.919917
803.437555 718.331878
803.882786 711.291194
804.869272 711.280015
804.969012 711.277283
805.155251 711.224936
805.251641 711.224840
805.378257 711.222762
805.389828 711.222746
805.446631 711.222699
805.459325 711.221847
805.463679 711.221845
805.464291 711.221844
805.464372 711.221844
805.466922 711.221843
805.468935 711.221841
805.512955 711.220346
806.009764 711.219318
806.286648 711.219166
806.320139 711.219115
806.334214 711.219107
806.334826 711.218410
806.440603 711.218084
806.622980 711.217840
806.998701 711.217486
810.805184 711.142916
853.171724 710.636408
862.124535 706.930662
881.594712 706.926487
883.746990 706.892140
895.551189 706.190427
896.525891 705.864646
896.795269 705.493509
896.808382 705.423454
896.813140 705.382559
896.839394 705.350090
896.857873 705.206184
896.875678 704.574301
896.966836 704.460693
897.061511 704.360166
897.084719 703.554681
897.145865 703.474853
897.261325 703.448087
897.524797 703.385256
897.526027 703.341749
897.527769 703.159603
897.808968 703.111163
897.809558 703.108261
897.809588 703.107369
897.809621 703.106990
897.809641 703.105797
897.809692 703.105133
897.809805 703.104590
897.811034 703.102838
897.813812 703.101766
897.814677 703.101328
897.816116 703.096834
897.823824 703.088932
897.890760 703.017550
897.894432 703.004274
897.894438 702.997477
897.894455 702.996109
897.894461 702.993662
897.894476 702.992008
897.894608 702.985622
897.898405 702.985105
897.976586 702.621420
897.977124 677.938659
897.977876 671.831080
897.977881 671.753418
897.978258 671.738912
897.978346 671.470025
897.978453 671.101163
897.982834 663.574109
897.986826 662.546259
897.991783 647.569369
897.993189 641.569042
897.993442 641.159721
897.993998 639.979297
898.008466 627.460503
898.008714 626.623808
898.009424 626.550804
898.010736 626.497621
898.013437 588.781967
898.013698 588.539674
898.013732 588.204138
898.013739 587.802678
898.013741 578.281064
898.013741 577.595710
898.013741 575.825764
898.013741 573.763293
898.013742 571.823001
898.013742 569.542289
898.013743 568.919223
898.013743 568.918544
898.013743 568.918051
898.013743 568.916970
898.013743 568.855115
898.013743 568.817174
898.013743 568.783437
898.013743 568.748556
898.013744 568.742036
898.013744 568.732296
898.013744 568.718498
898.013744 568.717241
898.013744 568.333613
898.013744 568.325799
898.013744 568.162418
898.013745 566.571062
898.013830 557.389690
898.013838 556.709713
898.013848 555.282022
898.013926 555.277547
898.013986 555.245107
898.013989 555.229568
898.014033 555.189635
898.014043 555.183454
898.014101 554.812118
898.014106 554.721354
898.014118 554.654326
898.014130 554.624809
898.014144 554.618839
898.014808 552.467679
898.028108 546.925323
898.041486 546.908707
898.041585 546.626427
898.058608 546.439542
898.060854 545.982523
898.073699 541.970369
898.248413 539.716650
898.248433 539.715680
898.248435 539.709895
898.248435 539.709568
898.248513 539.708083
898.248530 539.660427
898.248538 539.551625
898.249597 539.519886
898.249639 539.502904
898.249663 539.481666
898.249667 539.477266
898.249937 539.205084
898.250688 539.083141
898.256449 539.078589
898.264342 538.881309
898.287063 538.577790
898.291562 538.551706
898.295451 538.536826
898.318512 538.527422
898.384309 538.401671
898.385370 538.359519
898.386360 538.349938
898.394344 538.341390
898.402072 538.310769
898.461274 485.815884
898.485221 481.046473
898.763231 426.223458
898.806818 426.095135
898.825876 426.055179
898.829669 426.048478
898.836556 425.938476
898.847599 425.874073
898.848378 425.745853
898.848944 425.654087
898.849049 425.526282
898.933272 424.754861
898.960173 424.623317
898.964357 424.403621
899.011962 424.392715
899.028077 424.312498
899.038832 424.247530
899.041020 424.247313
899.041526 424.244714
899.083161 424.239249
899.085697 424.237745
899.086264 424.237323
899.086274 424.236853
899.086494 424.235580
899.086513 424.230056
899.090879 424.229456
899.090944 424.229440
899.091043 424.229396
899.091403 424.227632
899.092621 424.227567
899.093447 424.227548
899.093918 424.223083
899.094237 424.223074
899.094469 424.220242
899.094599 424.217579
899.095165 424.200119
899.095218 424.191069
899.095382 424.186883
899.096943 424.016386
899.097966 424.009100
899.099275 423.982328
899.100129 423.982279
899.100376 423.982216
899.100618 423.892350
899.104229 423.805842
899.119635 423.797603
899.121684 423.790204
899.123498 423.785035
899.131045 423.783626
899.135195 423.781946
899.138104 423.780730
899.140389 423.779415
899.140467 423.778340
899.140496 423.777901
899.140622 423.777681
899.140730 423.777324
899.140782 423.777323
899.140824 423.777323
899.140843 423.777321
899.140867 423.777317
899.140878 423.777304
899.140967 423.777286
899.140992 423.777138
899.141155 423.777025
899.141505 423.776775
899.141530 423.776700
899.141679 423.776691
899.141977 423.776689
899.142201 423.776681
899.142330 423.774012
899.142330 423.772921
899.203903 423.217990
899.225134 422.401087
899.310055 422.284545
899.311364 422.016085
899.313019 421.839823
899.316679 421.788765
899.317486 421.786851
899.317841 421.784650
899.318367 421.783313
899.318536 421.782470
899.318610 421.778097
899.318633 421.774909
899.318676 421.773597
899.318681 421.765939
899.318682 421.765636
899.318682 421.765635
899.318682 421.765633
899.318682 421.765600
899.318683 421.765539
899.318688 421.756014
899.318724 421.755852
899.322244 421.561274
899.323132 421.557507
899.325142 421.476202
899.330323 421.274496
899.373588 420.826354
899.375142 420.821862
899.381771 420.801093
899.391254 420.787659
899.414066 420.771925
899.471545 420.502748
899.479458 419.967369
899.558729 419.425127
899.572293 419.338439
899.610381 419.160208
899.616871 418.966566
899.686489 418.504047
899.698944 418.388566
899.699174 418.300960
899.699733 417.685402
899.702228 417.475701
899.704555 417.026011
899.704851 416.898429
899.705356 416.709034
899.732343 416.503809
899.750793 415.960225
899.774800 415.562366
899.810032 415.519334
899.815376 414.666670
899.818955 414.543511
899.827234 414.507462
899.830408 414.438779
899.862337 414.420850
899.879466 413.590499
899.883901 413.173152
899.884391 413.160117
899.885152 413.145740
899.885160 413.144136
899.885163 413.140837
899.885163 413.139946
899.885165 413.139794
899.885165 413.137026
899.885166 413.135984
899.885251 413.131001
899.885278 413.130119
899.885289 413.128803
899.885290 413.121702
899.885514 413.086041
899.885686 413.081320
899.888492 412.817073
899.891149 412.811698
899.895654 412.786096
899.897098 412.663120
899.897155 412.603449
899.914050 412.109955
899.914650 410.896994
899.915360 410.803281
899.915652 410.740452
899.916212 410.719260
899.917912 410.602368
899.920468 410.587432
899.922050 410.575052
899.923029 410.567216
899.929986 410.461712
900.027833 410.451480
900.034628 410.328895
900.042811 410.255811
900.042967 410.255161
900.043138 410.254928
900.043163 410.252027
900.052704 410.242259
900.063861 410.169224
900.149794 410.168945
900.150627 410.166421
900.155659 410.166264
900.170394 410.165263
900.187324 410.163513
900.207944 410.162473
900.208881 410.162291
900.214446 410.161443
900.221434 410.161439
900.227734 410.161365
900.299814 410.161354
900.308545 410.159338
900.308651 410.156162
900.311645 410.140339
900.313013 410.059315
900.331901 409.918070
900.643467 409.795100
900.644713 409.748383
900.644730 409.701034
900.872246 409.517503
901.002014 409.351652
901.400638 409.343892
901.519168 409.343879
901.611729 409.343878
901.650328 409.343878
901.694726 409.343878
901.704144 409.343722
901.783630 409.343652
901.785880 409.343552
901.807523 409.343387
901.807526 409.343381
901.807528 409.343380
901.807566 409.343375
901.807602 409.343367
901.808624 409.343338
901.809988 409.343331
902.029758 409.342947
902.031519 409.342801
902.038518 409.342784
902.083184 409.342692
902.087769 409.342658
902.103919 409.342324
902.110495 409.291985
902.180152 409.212257
903.660585 409.021011
904.860427 408.985697
906.915782 408.859962
936.212571 408.781524
937.416808 408.781008
938.791723 408.780935
944.289613 408.779086
944.329974 408.767228
944.412401 408.767081
944.444188 408.766916
945.102712 408.753751
945.103890 408.744464
945.105125 408.742172
945.114771 408.735344
945.114881 408.735344
945.115096 408.735344
945.115302 408.735344
945.115331 408.735344
945.115339 408.735343
945.115340 408.735343
945.115479 408.735343
945.116914 408.735338
945.116979 408.735333
945.117927 408.735333
945.121464 408.735322
945.121585 408.735309
945.122062 408.735307
945.122448 408.735303
945.122723 408.735300
945.122731 408.735299
945.122825 408.735274
945.122835 408.735273
945.122836 408.735239
945.123105 408.735192
945.124390 408.735165
945.124511 408.735089
945.124513 408.734978
945.124617 408.734939
945.125030 408.734937
945.130433 408.731153
945.141084 408.730896
945.142569 408.730776
945.144186 408.702264
945.144317 408.696978
945.144604 408.687611
945.144798 408.684750
945.178691 408.371451
946.116009 408.192904
946.116790 408.169256
946.123081 408.139949
946.127805 408.099518
946.127805 408.099514
946.127805 408.099505
946.127805 408.099484
946.127806 408.099363
946.127806 408.099258
946.127841 408.099222
946.127855 408.099175
946.127975 408.095305
946.128048 408.095160
946.128089 408.094707
946.128725 408.091105
946.129265 408.090795
946.129269 408.090793
946.130184 408.090766
946.132722 408.090099
946.145078 408.064155
946.159157 408.062034
946.159199 408.032523
946.161250 408.031681
946.161260 408.027529
946.161273 408.027047
946.163362 408.026784
946.163778 408.026639
946.167961 408.026227
946.187390 408.025820
946.188224 408.024838
946.191912 408.021247
946.201208 408.020801
946.222952 408.018380
946.283111 407.935376
946.283177 407.934632
946.284167 407.934426
946.284523 407.930248
946.284553 407.929272
946.284558 407.928396
946.284624 407.927709
946.284647 407.927391
946.284670 407.927313
946.284745 407.925162
946.285010 407.925160
946.285154 407.924618
946.285371 407.923783
946.286238 407.921318
946.291364 407.918896
946.292906 407.918780
946.293885 407.915802
946.293946 407.913246
946.309899 407.842430
946.315227 407.823043
946.317785 407.806253
949.052181 407.764266
952.106547 407.663787
962.999362 407.522429
977.915034 407.262123
978.053140 407.260879
979.037774 407.255740
979.071016 407.249333
979.086205 407.247707
979.299527 407.247243
982.056066 407.026076
984.429078 406.875464
984.629052 406.197880
985.507577 405.938004
986.741971 405.814267
987.114235 405.809758
987.902385 405.806764
988.003046 405.791935
988.088323 405.754062
988.230771 405.741504
988.306775 405.740630
988.309606 405.737366
988.312369 405.736249
988.314249 405.733466
988.332164 405.717273
988.733840 405.585831
988.793304 404.731411
990.170270 404.674131
991.000343 384.166830
992.343372 274.928261
996.591644 76.410321
996.591851 76.288367
996.592409 76.164530
996.593819 76.152857
996.594768 76.143404
996.634217 76.079994
996.634301 76.044781
996.634308 76.018458
996.634312 76.006679
996.634352 75.997223
996.634686 75.979888
996.634691 75.968322
996.634695 75.967870
996.634704 75.967840
996.634705 75.967840
996.634711 75.967826
996.634713 75.966493
996.634714 75.963513
996.634754 75.846308
996.634783 75.825031
996.636033 74.949732
996.642212 74.902756
996.642238 74.821783
996.642253 74.807064
996.643122 74.696730
996.643207 74.696278
996.643455 74.696098
996.652780 74.431233
996.656449 73.567138
996.657710 73.516645
996.658616 73.372759
996.667862 73.275837
996.676581 73.270602
996.744259 73.261534
996.746556 71.786602
996.754983 71.728264
996.770539 69.849456
996.775936 69.134833
996.783225 69.090053
996.797774 69.081384
997.213484 68.975234
997.214169 68.768865
997.214236 68.661093
997.214243 68.648838
997.214285 68.600235
997.215014 68.336085
997.218081 68.038214
997.218118 66.900314
997.218153 66.719154
997.218288 66.561104
997.218307 66.309255
997.218328 66.152216
997.218399 66.151732
997.218432 66.137595
997.218532 66.136368
997.218576 66.111720
997.218592 66.110394
997.219297 66.101782
997.219587 66.091100
997.219667 66.019426
997.219700 65.953757
997.219790 65.773126
997.220535 65.766780
997.220540 65.763673
997.220654 65.763383
997.221398 65.762047
997.221415 65.743540
997.221433 65.741283
997.221477 65.731955
997.221662 65.697748
997.222005 65.696280
997.222807 65.695862
997.227188 65.695673
997.227629 65.694733
997.229793 65.687632
997.232134 65.644736
997.239768 65.637991
997.248577 65.637871
997.248615 65.634535
997.249236 65.623547
997.250641 65.621435
997.250660 65.608073
997.250721 65.607397
997.258330 65.603549
997.278097 65.600746
997.282997 65.589166
997.286794 65.542291
997.287140 65.517630
997.288467 65.517542
997.289479 65.517159
997.292789 65.515894
997.292873 65.511603
997.292940 65.507519
997.369133 65.506449
997.372831 65.498820
997.378646 65.494127
997.382297 65.493676
997.456023 65.487355
997.540304 65.487302
997.790193 65.487302
997.862547 65.487301
997.981603 65.401926
998.201693 65.368113
998.448664 65.366088
998.480050 65.366073
998.588575 65.366068
998.604493 65.366064
998.628357 65.366052
999.079097 58.953709
999.158934 56.809679
999.159869 47.851213
999.160998 37.193568
999.706330 14.585678
999.797905 9.932261
999.797989 9.797393
999.798277 9.780824
999.798454 9.603263
999.798800 8.899920
999.798901 8.734999
999.799165 8.681217
999.799596 8.419453
999.804240 3.991598
999.811067 1.482443
