2000.000000 2.000000
70.099305 997.202947
168.878181 829.822328
291.149239 821.666815
295.317351 819.251545
320.026134 815.590416
324.055170 812.336234
324.919732 811.250239
325.127758 808.303654
326.150912 802.612625
331.832690 802.298311
332.685846 802.245986
340.093542 800.726317
472.376163 495.697292
491.789993 489.520599
508.185230 486.608338
541.305236 463.810703
541.444490 463.810518
543.457011 463.810150
543.617609 463.810103
543.617637 463.810005
543.617689 463.809928
544.342785 463.809774
544.587238 463.809182
563.470966 463.766477
565.684259 463.620678
565.789421 463.480779
565.799199 462.249128
565.874287 462.142080
566.016557 461.606825
566.047074 460.480873
566.165821 460.323462
566.239570 460.040254
566.410859 459.987459
566.745268 459.775531
567.011038 459.505531
567.023898 457.395596
567.024155 457.393189
567.035471 456.651530
567.035989 456.630262
567.037310 456.607869
567.041484 456.602483
567.041525 456.601997
567.041652 456.601849
567.041879 456.601629
567.042001 456.601328
567.042113 456.600075
567.043878 456.583368
567.153598 456.494851
567.157492 456.494713
567.158206 456.494226
567.158393 456.493802
567.167910 456.492545
567.200256 456.489209
567.351194 456.488868
567.356900 456.488855
567.359205 456.488848
567.364261 456.480929
567.370510 456.474837
567.571560 456.472669
567.640455 456.471404
567.779435 456.471370
567.945831 456.471369
567.988043 456.471368
568.049477 456.471366
568.060036 456.471366
568.060068 456.470814
568.060114 456.470791
568.060188 456.470274
568.061632 456.469766
568.061665 456.468794
568.062476 456.407290
568.070218 456.406453
568.070979 456.379786
568.070998 456.377816
568.071030 456.376740
568.071032 456.371132
568.071061 456.371067
568.071097 456.370543
568.071957 456.366834
568.072039 456.357089
568.073903 456.349342
568.158174 456.146676
568.186311 456.145743
568.215292 456.144697
568.215494 456.144382
568.216003 456.144318
568.216020 456.144253
568.217557 456.144182
568.219647 456.144118
568.236612 456.143641
568.240276 456.142276
568.242593 456.139936
568.246686 456.138765
568.248025 456.136185
568.253760 456.134775
568.254350 456.134775
568.258820 456.134775
568.262076 456.134764
568.266121 456.134718
568.267596 456.132981
568.267763 456.132916
568.267849 456.132880
568.268133 456.132821
568.268363 456.131899
568.268661 456.131778
568.271718 456.131663
568.274508 456.128458
568.278567 456.127680
568.281885 456.118780
568.283999 456.056067
568.288384 456.023961
568.428728 456.010467
568.452065 455.907636
568.452277 454.922426
568.452694 454.407866
569.542523 453.258461
570.016492 453.248342
570.162573 453.245368
571.252982 453.186502
571.661961 452.481875
572.338168 451.653621
572.339778 451.653557
572.392956 451.652828
572.399873 451.652460
572.436688 451.647678
572.467936 451.645473
572.488868 451.639870
572.501679 451.639497
572.584206 451.639294
572.626177 451.639289
572.699167 451.639080
572.720986 451.638766
574.225941 451.635617
574.667716 451.635174
574.793588 451.634458
574.806597 451.634147
575.277917 451.633917
576.440531 451.632732
576.548403 451.631847
576.578229 451.631267
576.581932 451.631112
576.905652 451.622612
576.955608 451.622291
576.973296 451.622259
576.977130 451.622232
577.018644 451.622068
577.051925 451.622033
577.062520 451.622025
577.086398 451.622000
577.127561 451.621997
577.127743 451.621901
577.127940 451.621900
577.130260 451.621846
577.131621 451.621845
577.214558 451.620942
577.215431 451.620265
577.215465 451.620113
577.215527 451.620102
577.215553 451.620102
577.216610 451.619664
577.216887 451.619628
577.218042 451.619628
577.218937 451.619628
577.219287 451.619627
577.219484 451.619627
577.221442 451.619349
577.223847 451.619329
577.226862 451.619290
577.226863 451.619165
577.230105 451.619139
577.235709 451.619041
577.245439 451.617679
577.252551 451.617321
577.475139 451.592350
577.742614 451.592350
577.747846 451.592350
577.780394 451.592350
577.894803 451.592350
577.895444 451.592350
577.895655 451.592350
577.896150 451.592350
577.896474 451.592350
577.899013 451.592350
577.909640 451.592350
577.910978 451.592350
578.384706 451.592347
578.393211 451.592075
578.394072 451.591999
578.412239 451.591926
578.415964 451.591846
578.457812 451.591767
578.469799 451.591676
578.473668 451.589874
578.481769 451.586703
578.501781 451.586653
578.604369 451.585314
578.622695 451.585246
578.623650 451.585218
578.623669 451.585217
578.623874 451.585214
578.624810 451.585213
578.625594 451.585176
578.627119 451.585127
578.631752 451.585107
578.631778 451.585103
578.631830 451.585098
578.631851 451.585095
578.633004 451.585076
578.848741 451.584841
578.849654 451.584761
579.059637 451.584748
579.090844 451.584722
579.114302 451.584696
579.138189 451.584637
579.139186 451.584635
579.139348 451.584635
579.139398 451.584635
579.141614 451.584634
579.147961 451.584634
579.149124 451.584634
579.223650 451.583103
579.926172 451.580847
580.219435 451.567005
580.336882 451.563078
580.387889 451.563023
580.394935 451.563009
580.411105 451.562967
580.412636 451.562954
580.438663 451.562794
580.440558 451.562427
580.445362 451.562421
580.445757 451.562409
580.485928 451.562400
580.648138 451.560420
580.896430 451.559283
580.925341 451.502537
580.927559 451.488878
580.930121 451.437136
580.930734 451.430407
580.942125 451.357553
580.943147 451.356720
580.943388 451.356604
580.943459 451.356069
580.943802 451.355993
580.954882 450.988839
580.956495 450.925495
580.959044 450.902967
580.964178 450.875059
580.968242 450.873949
580.969971 450.868365
580.976453 450.863975
580.977392 450.734873
580.978359 450.723647
580.979170 450.719829
581.021972 450.111745
581.029388 450.111594
581.047225 450.111010
581.288294 450.110994
581.342221 450.110994
581.344107 450.110994
581.366667 450.110993
581.720061 450.110992
581.759009 450.110992
581.783474 450.110992
582.121814 450.110990
582.685693 450.110922
582.693357 450.110920
582.693538 450.110920
582.694090 450.110920
582.696925 450.110920
582.698398 450.110920
582.703802 450.110920
582.704614 450.110919
582.751773 450.110919
582.753159 450.110872
582.764466 450.110839
582.780022 450.110838
582.789929 450.110837
582.791663 450.110836
582.796075 450.110836
582.825686 450.110824
582.882425 450.110811
582.893383 450.110811
582.898231 450.110811
582.908591 450.110811
582.914064 450.110793
582.914100 450.110744
582.989412 450.110678
582.994334 450.110537
582.999030 450.110290
582.999244 450.110290
582.999315 450.110255
583.000316 450.110255
583.001878 450.110251
583.034212 450.110246
583.038870 450.110192
583.060716 450.110135
583.086673 450.110025
583.088987 450.109944
583.090635 450.109897
583.091276 450.109880
583.093304 450.109814
583.111091 450.109703
583.111631 450.109622
583.114688 450.109566
583.143911 450.109546
583.158933 450.109546
583.170813 450.109529
583.218299 450.109526
583.246315 450.109455
583.248736 450.109387
583.268255 450.105299
583.271696 450.105169
583.271773 450.105165
583.272442 450.105161
583.272963 450.105156
583.273783 450.105154
583.274550 450.105154
583.277056 450.104562
583.349623 450.100626
583.387406 450.099494
583.410288 450.095919
583.425004 450.093337
583.428089 450.093315
583.435508 450.093231
583.470638 450.088979
583.473577 450.088645
583.485985 450.088204
583.491268 450.087317
583.561298 450.084728
583.567765 450.084709
583.587947 450.084088
583.670008 450.083969
583.684401 450.076993
583.722905 450.074883
583.910187 450.074728
583.910627 450.074669
583.910628 450.074668
583.910639 450.074662
583.911506 450.074651
583.911615 450.074619
583.912540 450.074600
584.541618 450.073721
584.573337 450.073558
584.685352 450.073075
584.690738 450.072813
584.706285 450.072737
584.825941 450.072706
584.893262 450.072664
585.521951 450.071478
585.522195 450.071426
585.522416 450.071424
585.522956 450.071423
585.524656 450.071400
585.530405 450.071398
585.533293 450.071391
585.533515 450.071391
585.825725 450.071372
585.850733 450.001573
586.177013 449.783409
586.177186 449.779650
586.177189 449.779298
586.177192 449.778930
586.177207 449.778851
586.177216 449.773747
586.177375 449.772569
586.177465 449.771947
586.177581 449.771609
586.177659 449.768744
586.177668 449.768708
586.177766 449.768601
586.178008 449.766366
586.178115 449.758128
586.180070 449.750957
586.182751 449.745846
586.182756 449.536463
586.182871 449.536288
586.182874 449.536163
586.182874 449.536162
586.182874 449.536133
586.182875 449.536044
586.182875 449.536028
586.182875 449.535996
586.183027 449.535943
586.183077 449.535938
586.183246 449.535620
586.183783 449.354712
586.184500 449.352019
586.188711 449.344594
586.188712 449.343833
594.585224 449.315673
596.334910 449.288816
599.834646 449.278114
601.839541 449.268153
605.546244 449.266728
605.624591 449.261017
605.644565 449.239576
606.494083 449.220387
606.675557 449.214245
608.039259 449.160124
611.277458 449.157472
611.692083 449.152689
611.805265 449.149817
611.912484 449.141275
611.912848 449.139589
611.943389 449.139258
611.950184 449.135534
612.039969 449.135349
612.253208 449.135293
612.269712 449.135014
612.291468 449.134524
612.351276 449.134061
612.405946 449.133936
612.512867 449.131642
612.550155 449.127901
612.590358 449.126818
612.987795 449.126675
613.050433 449.120503
613.159030 449.113814
613.180405 448.995348
613.220700 448.994996
613.282552 448.978727
613.363610 448.970475
613.716335 448.969453
613.814009 448.967591
613.820545 448.967280
613.823290 448.965943
617.292448 448.897999
621.439834 448.721582
621.458077 448.710703
621.463518 448.682894
621.609528 448.642696
621.947297 448.613190
626.433667 448.549196
640.106674 448.544710
646.702939 448.532519
646.974020 448.532306
647.068646 448.532063
647.218424 448.531960
647.554227 448.530452
648.637270 448.514658
651.694267 448.302962
651.772394 448.302411
651.914759 448.302334
651.916115 448.302146
651.932292 448.301984
651.940068 448.301919
652.135856 448.301751
652.198790 448.300807
652.327873 448.300640
652.336590 448.300510
652.338990 448.300467
652.347322 448.300099
652.350519 448.299877
652.629421 448.299547
652.683379 448.299521
652.725208 448.299324
652.830124 448.299285
652.937064 448.299048
653.037732 448.299029
653.106166 448.298928
653.112957 448.298893
653.189434 448.298846
653.398713 448.298504
655.390577 448.296248
655.478462 448.295662
655.572247 448.295443
655.579158 448.290768
655.579420 448.289552
655.586774 448.288144
655.599821 448.288055
655.628322 448.287969
655.629216 448.287969
655.645252 448.287969
655.648466 448.287969
655.666883 448.287969
655.674397 448.287969
655.674937 448.287969
655.683177 448.287969
655.683446 448.287969
655.698407 448.287969
655.699978 448.287968
655.709693 448.287968
655.713122 448.287968
655.713199 448.287968
655.713702 448.287968
655.718070 448.287968
655.778867 448.287968
655.780141 448.287967
655.788348 448.287967
655.826519 448.287966
655.831910 448.287964
655.850814 448.287964
655.860304 448.287964
655.861387 448.287964
655.861869 448.287964
655.862387 448.287964
655.863670 448.287964
655.926567 448.287963
655.955820 448.287963
655.958548 448.287963
655.963269 448.287963
655.963369 448.287963
655.963910 448.287963
656.318863 448.287962
656.372533 448.287955
656.515099 448.287954
656.536123 448.287953
656.644377 448.287942
656.662490 448.287916
656.670791 448.287913
656.682655 448.287906
656.687440 448.287898
656.707972 448.287891
656.738627 448.287850
656.758051 448.287850
656.767214 448.287838
656.767218 448.287837
656.767222 448.287836
656.854739 448.287779
656.855064 448.287777
656.855082 448.287777
656.856418 448.287776
656.856664 448.287765
656.856753 448.287762
656.860853 448.287741
656.861220 448.287737
656.861513 448.287732
656.881165 448.287714
656.910522 448.287460
656.977931 448.287392
657.451855 448.283213
657.467504 448.282212
657.798225 448.277962
657.800003 448.277844
657.814462 448.276610
657.817546 448.276512
657.819175 448.276318
657.819326 448.276305
657.819352 448.276305
657.819437 448.276283
657.820294 448.276279
657.822546 448.276264
657.823684 448.276261
657.824660 448.276187
657.825572 448.276148
657.828041 448.276145
657.828331 448.276139
657.829995 448.276083
657.831204 448.276053
657.831220 448.276020
657.832318 448.276018
657.880408 448.276015
657.881638 448.276015
657.884000 448.276015
657.889135 448.275993
657.905431 448.275991
657.938070 448.275985
657.939425 448.275967
657.939943 448.275951
657.940015 448.275943
657.942049 448.275936
657.942883 448.275936
657.943651 448.275935
657.945357 448.275934
657.946341 448.275911
657.946996 448.275911
657.947443 448.275911
657.955858 448.275911
657.989208 448.275907
657.990291 448.275903
657.990379 448.275902
657.990542 448.275901
657.990671 448.275899
657.999637 448.275898
658.000367 448.275862
658.001002 448.275817
658.001586 448.275657
658.014824 448.275624
658.014825 448.275591
658.014855 448.275579
658.024180 448.275429
658.026842 448.268196
658.028455 448.267966
658.029630 448.267736
658.029921 448.265379
658.029979 448.263941
658.042636 448.225148
659.290189 448.217474
659.331356 448.217443
659.520014 448.217426
660.063824 448.216968
660.279273 448.216657
661.949591 448.216353
663.768502 448.212367
665.228434 448.208113
672.347913 446.973585
672.634460 446.638422
673.407811 445.275952
677.748903 445.073920
678.408277 425.906773
684.825358 425.896215
685.398946 425.027245
686.251048 424.867038
686.672633 415.997894
686.675708 414.624468
686.675709 414.595928
686.675710 414.481955
686.675764 414.146207
686.675854 413.936957
686.675928 413.629546
686.675943 413.346959
686.677040 408.894862
686.677089 408.890994
686.677541 408.887179
686.679820 408.587608
686.683901 406.873814
686.690872 402.983385
686.690889 402.485857
686.691043 402.332411
686.691043 402.256912
686.691416 400.924382
686.691937 400.280582
686.692841 400.227428
686.693740 400.186403
686.694419 400.178050
686.695817 400.169485
687.047139 399.460868
687.089737 397.786809
687.093468 397.229542
687.098210 397.202305
687.098740 397.009194
687.098952 396.972517
687.099031 396.966387
687.099099 396.957291
687.125386 396.900623
687.145029 395.495788
687.147793 395.224731
687.149415 395.213957
687.155337 395.128777
687.194645 395.113584
687.209637 395.032098
687.216320 394.950740
687.216411 394.906934
687.216434 394.715717
687.292671 394.279305
687.318807 394.269002
687.333947 393.689604
687.369306 392.070136
687.459646 388.933484
687.481793 386.619710
687.498338 385.740994
687.632804 385.638115
687.648980 381.308933
687.781016 375.698605
687.876521 374.830939
711.080166 360.428873
711.564595 360.359258
712.678586 360.226000
712.839769 360.085416
712.842422 360.084870
712.884049 360.081587
712.951880 360.067089
713.029731 360.066687
713.032026 360.066684
713.033384 360.066681
713.061111 360.066669
713.076929 360.066664
713.334535 360.066637
713.636462 360.066300
713.652489 360.066278
713.654430 360.066275
713.656759 360.066262
713.662298 360.066262
713.665847 360.066262
713.667652 360.066261
713.670690 360.066261
713.708788 360.066261
713.724429 360.066247
713.774317 360.066134
713.781915 360.066123
713.951967 360.066104
714.050008 360.065926
714.462913 360.065207
714.926107 360.064907
715.057280 360.064642
715.324610 360.062307
716.654733 359.766458
716.816566 359.480023
716.893654 359.444860
718.463964 359.402494
718.766201 359.395860
718.770536 359.387979
719.163715 359.030986
719.183364 359.029676
719.517986 359.016307
720.195803 358.966938
720.541602 358.948003
720.651505 358.921802
720.984919 358.395199
721.221192 358.386469
721.223518 358.367189
721.251236 358.366507
721.256655 358.363053
721.258301 358.359010
721.258307 358.358437
721.267828 358.358347
721.268479 358.357761
721.269433 358.354925
721.270835 358.354730
721.281712 358.350200
721.283949 358.349527
721.283997 358.348476
721.284369 358.347810
721.286239 358.344673
721.287157 358.341386
721.287201 358.335084
721.287399 358.301363
721.292247 358.299819
721.345852 358.298219
721.353834 358.294275
721.383318 358.260807
721.645966 358.254806
721.683527 358.161633
721.712729 357.808244
721.777318 357.700187
721.805184 357.698912
721.878174 357.697978
721.939699 357.695225
721.956118 357.688267
722.116316 357.687961
722.377186 357.687709
722.386388 357.687509
722.488564 357.687469
722.526217 357.687358
722.608353 357.687071
722.624511 357.687044
722.629516 357.687026
722.630621 357.687024
722.642377 357.687020
722.643013 357.686966
722.658272 357.686959
722.659058 357.686956
722.660025 357.686946
722.890241 357.683656
722.897813 357.683258
722.901956 357.682983
722.902626 357.682889
722.907955 357.681776
722.963408 357.672388
722.976532 357.621688
722.976781 357.614794
722.977451 357.613911
722.978946 357.584513
722.981750 357.556664
723.022954 357.531319
723.034762 357.523857
723.047050 357.523816
723.054863 357.521313
723.097719 357.520856
723.104767 357.520141
723.137869 357.520101
723.176202 357.519808
723.209671 357.516460
727.404102 357.512126
727.439702 357.512093
727.590685 357.512067
727.615212 357.511956
727.642818 357.511915
727.653668 357.509758
727.704728 357.504979
727.953841 357.502580
728.327275 357.498765
728.348365 357.494432
728.364629 357.492762
728.376879 357.485328
728.647113 357.484255
728.950829 357.478130
728.968042 357.360161
729.014432 356.952520
729.024816 356.766029
729.027347 356.672231
729.092840 356.660985
729.529684 355.777063
729.812699 355.567509
729.862248 355.464836
729.862916 355.232841
729.863048 354.829194
730.626636 353.576139
731.558678 349.984857
731.628302 349.962906
731.628664 349.962852
731.628790 349.962847
731.628972 349.962716
731.629645 349.962672
731.629800 349.962583
731.629821 349.962558
731.630249 349.960760
731.673238 349.957702
731.746293 349.941662
731.746549 349.936078
731.758029 349.936008
731.765459 349.935997
731.774050 349.935964
731.892982 349.935663
738.496530 349.916612
738.550355 349.498737
738.709113 346.035526
738.740914 342.502124
738.789611 341.580950
738.887252 341.473796
738.901959 340.947887
738.901976 340.934392
738.902002 340.930949
738.902002 340.869416
738.902002 340.825324
738.902002 340.724577
738.902002 340.696363
738.902002 340.695253
738.902002 340.565897
738.942808 340.301279
738.956352 340.234298
738.963290 340.124961
738.979702 340.118570
738.995921 340.096941
739.004104 340.094623
739.025305 340.094510
739.065475 340.091359
739.068340 340.090805
739.188464 340.069363
739.379442 339.692587
739.382975 339.513518
742.051434 338.032325
743.021748 337.374989
744.036759 337.373137
745.911631 337.243524
747.196436 337.169753
749.895698 337.133499
750.116611 337.125167
750.284780 337.118981
751.714357 337.097064
754.672910 337.061211
754.795431 336.915196
755.367852 335.544314
755.419791 329.095731
760.482813 329.068058
760.933373 324.125673
761.216802 322.886553
761.953334 319.042633
776.505701 318.097623
776.508371 318.022207
776.523896 317.956133
776.626767 317.108175
776.629684 317.080527
776.629807 317.048719
776.647411 317.047833
776.659168 317.047288
776.659181 317.043909
776.660406 317.041957
776.722385 317.041764
776.736931 316.924531
776.890492 316.304236
776.913939 316.289300
776.955748 316.287740
777.028378 316.282940
777.049069 316.278969
777.056878 316.269960
777.096510 316.049180
777.210034 316.018414
777.242376 315.988569
777.243045 315.747875
777.251924 315.413394
777.377502 314.475485
777.379352 314.475331
777.383163 314.474660
777.387100 314.474493
777.390000 314.474437
777.394239 314.471721
777.394256 314.471378
777.394464 314.471336
777.394744 314.471256
777.395290 314.470949
777.395955 314.470944
777.396308 314.470916
777.396313 314.470911
777.396323 314.470911
777.396344 314.470900
777.396345 314.470897
777.396353 314.470894
777.396353 314.470894
777.396353 314.470894
777.396353 314.470893
777.396353 314.470893
777.396468 314.470893
777.396479 314.470892
777.396481 314.470892
777.396484 314.470892
777.396490 314.470892
777.396492 314.470892
777.396492 314.470892
777.396493 314.470892
777.396494 314.470892
777.396494 314.470892
777.396494 314.470892
777.396494 314.470892
777.396580 314.470228
777.396739 314.470160
777.396790 314.469691
777.396815 314.469690
777.396819 314.469667
777.396819 314.469636
777.396824 314.469622
777.396824 314.469621
777.396826 314.469621
777.396831 314.469621
777.396831 314.469620
777.396832 314.469620
777.396835 314.469620
777.396841 314.469429
777.397066 314.467870
777.397158 314.464159
777.397244 314.463755
777.397619 314.462595
777.397647 314.461247
777.397709 314.460996
777.397923 314.460943
777.408758 314.456813
777.409662 314.456042
777.412234 314.456023
777.418723 314.454889
777.418960 314.454834
777.418971 314.454333
777.420302 314.454176
777.421102 314.454165
777.421489 314.453879
777.421528 314.452827
777.421665 314.452735
777.421692 314.452732
777.429060 314.452639
777.429150 314.452482
777.429203 314.452291
777.429418 314.447077
777.430061 314.446322
777.430069 314.444942
777.430070 314.444668
777.430099 314.443967
777.430105 314.443518
777.430261 314.426501
777.430297 314.425686
777.430300 314.419682
777.430302 314.418279
777.430317 314.415247
777.430895 314.393902
777.430913 314.392800
777.431077 314.392735
777.431126 314.391814
777.431163 314.390365
777.431248 314.390349
777.431454 314.390325
777.431499 314.389520
777.431510 314.388711
777.431583 314.387960
777.431584 314.387875
777.431585 314.387842
777.431632 314.387270
777.432209 314.386494
777.432590 314.386398
777.432692 314.385095
777.436031 314.384955
777.436074 314.384547
777.436297 314.384471
777.436308 314.384459
777.436316 314.384434
777.436331 314.384387
778.258849 313.933511
778.261866 313.837875
778.337579 313.401197
780.139334 294.038720
782.580210 291.195768
786.106183 288.718350
808.094099 284.757045
809.895035 264.332351
819.778492 262.430453
824.613735 260.554601
825.820490 259.060154
826.437242 258.953927
826.499481 258.777020
828.099615 258.732352
828.384376 258.091768
828.481402 257.856773
828.602668 257.838560
828.603840 257.811790
828.763874 257.776812
829.361955 257.767911
829.525010 257.751049
830.962279 257.750970
832.594249 257.749638
832.869213 257.746667
833.130086 257.728537
843.579640 255.413551
852.708439 252.620823
853.199380 249.866125
853.247590 249.826276
853.270556 249.793894
853.358087 249.753962
853.937000 249.158260
854.034207 249.155435
854.180770 249.155386
854.180816 249.154800
854.180962 249.153933
854.287797 249.146153
854.450018 249.134491
855.128417 249.103706
855.339105 248.701620
855.597872 248.514468
859.458950 247.915930
860.758798 247.177112
863.829037 243.955855
903.862801 240.777404
914.418201 240.692401
915.033166 240.692185
915.582659 240.692025
916.254102 240.691452
916.254258 240.690347
923.987202 240.690249
924.052373 240.688968
924.150395 240.687613
924.563167 240.677545
924.747678 240.640728
924.786836 240.612595
925.072268 240.607356
925.727921 238.602486
926.633266 238.407319
926.635495 238.376513
926.636684 238.365083
926.729732 238.258949
926.730191 238.144973
926.730475 238.140069
926.731014 238.138355
926.733466 238.137690
926.733526 238.130060
926.744024 238.071070
926.808737 238.053962
926.819308 238.024824
931.991150 237.862493
947.149259 237.722906
948.574363 236.965925
954.128083 236.941091
975.209192 236.917328
983.514554 236.897481
985.847844 236.896228
987.451046 236.888767
988.023252 236.694078
988.122802 232.162567
988.193339 227.916548
998.420679 224.953492
998.420700 224.953364
998.420711 224.953133
998.420719 224.951276
998.420732 224.946060
998.420849 224.943982
998.420865 224.942049
998.420870 224.936105
998.420877 224.934958
998.420879 224.934484
998.420880 224.934465
998.420880 224.934459
998.421000 224.794043
998.421119 224.717576
998.421125 224.638953
998.421128 224.637093
998.421140 224.636973
998.421143 224.636624
998.421164 224.630774
998.421201 224.630652
998.421235 224.612760
998.421297 224.516481
998.421368 224.497706
998.421383 224.496156
998.421384 224.496109
998.421386 224.496011
998.421387 224.495623
998.421391 224.495621
998.421391 224.495619
998.421391 224.495506
998.421393 224.492851
998.421405 224.492500
998.421417 224.492310
998.421421 224.491441
998.421452 224.490435
998.421526 224.490006
998.422429 224.488823
998.422629 224.486630
998.422639 224.485184
998.422650 224.484868
998.422690 224.478676
998.422727 224.474788
998.423233 224.472646
998.423368 224.470888
998.423375 224.466818
998.423381 224.459391
998.423409 224.452761
998.423430 224.452312
998.423430 224.452201
998.423430 224.452200
998.423430 224.452200
998.423430 224.452200
998.423430 224.452197
998.423430 224.452193
998.423430 224.452139
998.423430 224.451874
998.423430 224.451871
998.423430 224.451857
998.423431 224.450391
998.423432 224.450308
998.423433 224.449348
998.423438 224.449294
998.423439 224.448363
998.423439 224.447549
998.423440 224.446997
998.424095 224.400522
998.424255 224.400139
998.424269 224.398963
998.424275 224.398727
998.424279 224.398584
998.424342 224.395997
998.424512 224.394686
998.424512 224.394686
998.424512 224.394686
998.424513 224.394685
998.424513 224.394680
998.424514 224.394679
998.424514 224.394679
998.424514 224.394679
998.424515 224.394582
998.424515 224.394137
998.424515 224.394044
998.424515 224.393812
998.424515 224.393795
998.424515 224.393784
998.424515 224.393748
998.424515 224.393609
998.424515 224.393608
998.424515 224.393524
998.424515 224.393079
998.424515 224.393064
998.424518 224.393033
998.424518 224.392973
998.424520 224.392294
998.424534 224.390966
998.424538 224.390907
998.424543 224.390895
998.424543 224.390895
998.424544 224.390893
998.424544 224.390823
998.424544 224.390770
998.424611 224.389967
998.424611 224.386109
998.424611 224.384864
998.424614 224.384448
998.424620 224.384360
998.424653 224.384209
998.424653 224.376364
998.424653 224.367617
998.424653 224.366479
998.424659 224.341279
998.424660 224.341231
998.424661 224.341170
998.424668 224.341076
998.424668 224.341006
998.424724 224.338840
998.424724 224.337828
998.424724 224.333289
998.424724 224.330907
998.424724 224.323372
998.424724 224.322322
998.424724 224.319727
998.424724 224.319005
998.424724 224.318934
998.424724 224.318440
998.424724 224.312541
998.424724 224.312346
998.424724 224.312345
998.424724 224.312322
998.424724 224.312130
998.424724 224.312102
998.424724 224.312093
998.424724 224.312050
998.424724 224.312035
998.424724 224.311670
998.424724 224.309917
998.424724 224.309800
998.424724 224.309528
998.424724 224.309315
998.424724 224.309302
998.424724 224.307537
998.424724 224.307528
998.424724 224.307402
998.424724 224.306316
998.424724 224.305980
998.424725 224.305114
998.424725 224.305109
998.424725 224.305107
998.424725 224.305102
998.424725 224.305100
998.424725 224.305100
998.424725 224.305100
998.424725 224.305093
998.424725 224.305093
998.424725 224.305092
998.424725 224.304870
998.424726 224.304866
998.424726 224.304844
998.424726 224.301607
998.424726 224.301604
998.424726 224.301588
998.424726 224.301471
998.424726 224.301468
998.424726 224.301459
998.424726 224.301440
998.424727 224.301438
998.424727 224.301432
998.424728 224.301425
998.424728 224.301408
998.424728 224.301405
998.424729 224.301403
998.424729 224.301383
998.424730 224.301368
998.424730 224.301351
998.424730 224.301259
998.424730 224.301218
998.424730 224.301180
998.424730 224.301106
998.424730 224.301106
998.424730 224.301106
998.424730 224.301011
998.424730 224.301009
998.424730 224.301008
998.424730 224.301008
998.424730 224.301008
998.424730 224.301008
998.424730 224.301008
998.424730 224.300991
998.424730 224.300983
998.424753 224.300382
998.424765 224.300031
998.424794 224.300027
998.424799 224.300026
998.424809 224.300023
998.424813 224.300021
998.424834 224.299945
998.424841 224.297805
998.424897 224.294795
998.424957 224.293919
998.425003 224.292879
998.425171 224.286870
998.425173 224.285123
998.425174 224.284332
998.425176 224.283363
998.425187 224.281055
998.425195 224.258990
998.425336 223.974584
998.425414 223.938963
998.426992 222.636537
998.428104 222.171077
998.428117 222.166479
998.428297 222.141069
998.428314 222.112444
998.428431 222.085518
998.428457 222.071269
998.428457 222.058512
998.428694 222.020002
998.428701 221.991149
998.428713 221.978198
998.430195 221.911399
998.430484 221.797073
998.432531 221.796071
998.432917 221.790567
998.433020 221.716440
998.433318 221.710220
998.433325 221.710196
998.433333 221.710070
998.433678 221.709191
998.433749 221.708180
998.433788 221.707894
998.433800 221.705707
998.433897 221.705326
998.433905 221.705319
998.433914 221.705271
998.434140 221.704111
998.437804 221.559803
998.439104 221.371303
998.439122 221.365889
998.439131 221.360817
998.439222 221.288092
998.439265 221.284739
998.439559 221.266188
998.439607 221.236329
998.440058 221.231585
998.440703 221.222486
998.441075 221.220585
998.453161 221.141790
998.476453 221.095725
998.476487 221.095288
998.476841 221.095021
998.477928 221.079120
998.489656 221.058422
998.491152 220.520248
998.492064 220.478743
998.493951 220.459110
998.494052 220.414202
998.494118 220.388177
998.494135 220.348415
998.494202 220.323996
998.494211 220.322138
998.494330 220.322128
998.495108 220.321288
998.497044 220.086900
998.497637 220.063472
998.497637 220.063325
998.497641 220.063243
998.497836 220.038468
998.499584 219.741412
998.499783 219.727385
998.499839 219.623481
998.500182 219.315777
998.500482 218.818343
998.500616 218.406993
998.500637 216.664712
998.500652 215.500931
998.501199 213.699486
998.501617 213.492213
998.501621 213.438472
998.501625 213.426908
998.501626 213.421070
998.501727 213.375814
998.501735 213.348377
998.501787 213.260037
998.501792 213.258365
998.501823 213.257997
998.501828 213.227362
998.501829 212.847025
998.501831 211.680886
998.501881 211.373302
998.502911 211.299196
998.516045 211.179347
998.517331 210.888469
998.527285 195.459966
998.527369 194.985875
998.527440 194.475492
998.527445 194.352628
998.527454 194.331414
998.527469 194.298272
998.527556 194.277530
998.527573 194.163080
998.527574 194.161469
998.527575 194.161009
998.527575 194.160998
998.527576 194.160760
998.527579 194.153653
998.527637 194.152982
998.527637 194.136181
998.527638 194.131739
998.527638 194.112476
998.527639 194.098048
998.527640 193.946694
998.527640 193.883750
998.527640 193.739237
998.527644 192.960077
998.527755 190.940670
998.527897 190.143953
998.530843 186.024250
998.531382 178.333019
998.534020 176.041953
998.535469 175.584447
998.536689 171.026293
998.536907 169.846297
998.630855 162.941732
998.656841 162.878893
998.794608 160.503559
998.804746 158.431806
998.883245 146.413322
998.919676 145.228961
999.011946 144.710767
999.148662 144.649823
999.160928 144.582877
999.185331 143.360965
999.214864 142.460658
999.229107 141.182874
999.255591 140.625830
999.336179 140.590489
999.388487 139.591332
999.388502 139.538655
999.388533 139.528378
999.388543 139.512065
999.388551 139.496377
999.388634 139.485259
999.389618 139.479591
999.390043 139.395397
999.390345 139.332033
999.390428 139.269179
999.390438 139.015717
999.390489 138.959968
999.391611 138.940506
999.391766 138.930133
999.391855 138.898917
999.391870 138.893973
999.391908 138.893628
999.433874 138.866913
999.433895 138.865413
999.434109 138.864557
999.434196 138.860821
999.434242 138.841218
999.434257 138.832470
999.434314 138.820542
999.435087 138.794394
999.441105 138.359603
999.444321 137.389550
999.449797 137.334731
999.476123 136.816852
999.480988 136.724205
999.493761 136.656088
999.494043 136.652963
999.494087 136.651865
999.494197 136.650987
999.495269 136.644454
999.505221 136.628114
999.508441 136.611133
999.516423 136.460411
999.516784 136.178147
999.517667 136.152733
999.517939 136.147077
999.518164 136.146525
999.518166 136.143426
999.518460 136.133984
999.518745 136.124470
999.519143 136.124356
999.519268 136.102341
999.519272 136.094921
999.519272 136.048643
999.519272 136.046479
999.519273 136.043763
999.519283 136.038252
999.519790 136.037947
999.519790 136.037933
999.519791 136.037929
999.519792 136.037923
999.519793 136.037865
999.519831 136.037833
999.519855 136.037764
999.519870 136.037763
999.519930 136.037761
999.529123 136.037181
999.531039 136.028671
999.534383 136.024515
999.534884 136.022286
999.535922 136.021939
999.536089 136.021823
999.537105 136.012410
999.537734 136.004449
999.537888 135.948898
999.538230 135.909178
999.538844 135.817127
999.540855 135.528765
999.543575 135.515103
999.546410 135.514994
999.547433 135.514512
999.547467 135.513750
999.552008 135.512813
999.576439 135.500901
999.605250 135.493711
999.605281 130.690902
999.605345 124.897542
999.605353 123.675634
999.605377 121.210488
999.605379 121.154517
999.605386 121.134126
999.605407 121.112049
999.605456 121.096999
999.605457 117.622723
999.605459 117.320964
999.605487 114.119645
999.605512 111.599626
999.605772 107.596838
999.605832 98.496132
999.605835 98.474849
999.605835 96.621977
999.606180 92.649564
999.606556 90.906007
999.606596 88.986050
999.606609 88.873357
999.609766 83.974882
999.609776 81.449485
999.612452 56.573351
999.612963 55.770948
999.613925 51.912573
999.639338 48.790883
999.639871 48.723217
999.640355 48.714670
999.641337 48.525551
999.646255 47.725191
999.647870 43.518853
999.648242 42.407293
999.648242 41.886846
999.648243 41.323638
999.648264 39.597484
999.648265 38.762573
999.648633 38.459324
999.649671 38.364029
999.658557 36.886916
999.660624 36.875737
999.665039 36.870915
999.665243 36.832269
999.666081 36.746798
999.666097 36.690830
999.672838 36.690769
999.673423 36.690089
999.710788 36.681522
999.717708 36.633141
999.737555 36.541836
999.746836 36.527855
999.750562 36.526414
999.751040 36.523194
999.751557 36.521123
999.751751 36.518631
999.752014 36.517539
999.754531 36.511771
999.768248 36.508627
999.772234 36.479068
999.775864 36.462168
999.776959 36.461910
999.780192 36.461765
999.782193 36.454322
999.785223 36.451076
999.786217 36.450957
999.789845 36.339252
999.790044 36.034894
999.794209 35.880264
999.797260 35.864537
999.799951 35.849240
999.805746 35.849185
999.805828 35.848943
999.807471 35.843820
999.820241 35.834587
999.823719 35.827934
999.830703 35.823804
999.852675 35.818892
999.852677 35.818688
999.852689 35.815427
999.853019 35.815372
999.853026 35.814392
999.853893 35.810547
999.855502 35.809994
999.859829 35.807334
999.912398 35.713783
999.912468 35.692525
999.912523 35.657200
999.912650 35.651930
999.912822 35.618264
999.913044 35.352334
999.913090 35.346913
999.913109 35.329662
999.913120 35.234337
999.913130 35.159652
999.913146 34.227905
999.913152 34.227697
999.913345 34.226498
999.913348 34.223143
999.913354 34.223138
999.913355 34.223091
999.913362 34.223062
999.913364 34.222908
999.913366 34.217382
999.913390 34.216447
999.913395 34.216342
999.913419 34.216336
999.913522 34.215356
999.913523 34.215311
999.913523 34.215167
999.913523 34.215135
999.913646 34.204272
999.913908 34.164655
999.918180 34.124320
999.920110 33.949437
999.920119 33.948561
999.920121 33.946941
999.920872 33.931092
999.920916 33.931036
999.920976 33.930402
999.920983 33.930169
999.920984 33.929915
999.923095 33.882982
999.926612 33.789706
999.928547 33.666035
999.929148 33.137957
999.929271 33.137831
999.929315 33.136439
999.929321 33.136427
999.929327 33.136426
999.929328 33.136415
999.929340 33.136275
999.929346 33.135885
999.929352 33.135173
999.929404 33.134463
999.929453 33.128932
999.929495 33.120628
999.931323 32.976651
999.934135 32.915332
999.935023 32.824230
999.935586 32.782401
999.935616 32.767813
999.935619 32.707387
999.935683 32.593549
999.935686 32.593447
999.935689 32.593425
999.935695 32.593420
999.935699 32.593419
999.935714 32.593407
999.935717 32.593316
999.935772 32.593283
999.935775 32.593275
999.935775 32.593274
999.935775 32.593262
999.935777 32.593150
999.935778 32.592648
999.935839 32.592646
999.935889 32.592518
999.935934 32.591640
999.935941 32.590477
999.935952 32.589823
999.935953 32.589009
999.935953 32.588591
999.935958 32.588406
999.935978 32.586748
999.935982 32.582513
999.936082 32.581939
999.936111 32.581016
999.936129 32.578505
999.936129 32.577236
999.936129 32.574292
999.936133 32.572692
999.936133 32.572324
999.936212 32.570772
999.936222 32.568209
999.936296 32.541499
999.936296 32.541454
999.936296 32.541357
999.936296 32.537139
999.936296 32.536638
999.936296 32.533135
999.936296 32.531247
999.936297 32.523546
999.936297 32.522879
999.936297 32.522542
999.936297 32.520018
999.936297 32.519451
999.936297 32.519030
999.936297 32.519026
999.936297 32.519008
999.936297 32.518991
999.936297 32.518778
999.936297 32.518770
999.936297 32.518487
999.936297 32.515965
999.936297 32.515534
999.936297 32.515244
999.936297 32.515197
999.936297 32.515070
999.936297 32.514878
999.936297 32.514873
999.936297 32.514829
999.936297 32.514815
999.936297 32.514809
999.936297 32.514805
999.936297 32.514177
999.936297 32.514146
999.936297 32.514051
999.936297 32.513335
999.936297 32.513214
999.936297 32.512649
999.936297 32.511845
999.936297 32.511845
999.936297 32.511844
999.936297 32.509783
999.936297 32.509136
999.936297 32.509060
999.936297 32.508322
999.936297 32.495839
999.936297 32.495782
999.936297 32.495758
999.936297 32.495734
999.936297 32.495510
999.936297 32.495473
999.936297 32.495418
999.936297 32.495389
999.936297 32.495363
999.936297 32.495345
999.936297 32.495337
999.936297 32.495299
999.936297 32.494248
999.936297 32.492460
999.936297 32.491642
999.936297 32.491438
999.936297 32.491297
999.936297 32.490960
999.936297 32.490957
999.936297 32.490957
999.936297 32.490957
999.936297 32.490956
999.936297 32.490951
999.936297 32.490937
999.936297 32.490937
999.936297 32.490936
999.936297 32.490871
999.936297 32.490862
999.936297 32.490860
999.936297 32.490846
999.936297 32.490688
999.936297 32.490601
999.936297 32.490598
999.936297 32.490598
999.936297 32.490593
999.936297 32.490593
999.936297 32.490593
999.936297 32.490589
999.936297 32.490584
999.936297 32.490584
999.936297 32.490582
999.936297 32.490561
999.936297 32.490557
999.936297 32.490556
999.936297 32.490396
999.936298 32.490262
999.936298 32.490261
999.936298 32.490261
999.936298 32.490259
999.936298 32.490258
999.936298 32.490258
999.936298 32.490255
999.936298 32.490252
999.936298 32.490247
999.936298 32.490240
999.936298 32.490231
999.936298 32.490222
999.936298 32.490214
999.936298 32.490213
999.936298 32.490212
999.936298 32.490211
999.936298 32.490210
999.936298 32.490209
999.936298 32.490204
999.936298 32.490193
999.936303 32.485223
999.936377 32.459536
999.936412 32.404981
999.936412 32.403217
999.936412 32.402561
999.936412 32.369633
999.936412 32.364707
999.936412 32.363567
999.936412 32.362950
999.936412 32.362775
999.936412 32.361564
999.936412 32.355634
999.936412 32.354500
999.936412 32.354394
999.936412 32.353211
999.936412 32.353035
999.936419 32.352241
999.936427 32.350319
999.936455 32.349699
999.936637 32.345921
999.936792 32.344844
999.936806 32.344757
999.937018 32.342839
999.937070 32.341415
999.937289 32.335578
999.937290 32.332109
999.937290 32.331675
999.937665 32.331360
999.937807 32.322881
999.937901 32.318111
999.938081 32.305470
999.938104 32.286051
999.938205 32.279429
999.938228 32.275268
999.938249 31.976589
999.938252 31.409560
999.938257 31.355804
999.938258 31.089396
999.938280 29.950716
999.938360 29.950238
999.938531 29.950001
999.938549 29.949844
999.940199 28.531304
999.940238 28.388420
999.940344 27.635918
999.940689 27.009247
999.940693 24.842343
999.940698 24.392540
999.940701 24.000461
999.940704 23.313615
999.940708 23.159433
999.940708 23.138589
999.940709 23.129450
999.940709 23.121983
999.940709 23.116611
999.940709 23.112307
999.940710 22.984684
999.940710 22.979503
999.940710 22.972747
999.940710 22.967090
999.940710 22.961992
999.940800 22.676648
999.940859 21.588193
999.940907 21.132497
999.940963 20.650346
999.940979 20.648964
999.940981 20.648132
999.941016 20.646873
999.941030 20.646757
999.941032 20.646468
999.941034 20.620643
999.941034 20.620469
999.941034 20.620222
999.941034 20.619161
999.941034 20.611143
999.941034 20.605870
999.941034 20.605426
999.941034 20.598236
999.941035 20.588939
999.941035 20.588872
999.941035 20.588785
999.941035 20.587651
999.941035 20.566790
999.941035 20.558559
999.941035 20.558400
999.941035 20.558287
999.941035 20.535590
999.941036 20.480879
999.941036 20.122095
999.941036 19.850161
999.941036 19.818757
999.941036 19.765355
999.941036 19.425725
999.941036 19.315079
999.941036 19.285813
999.941036 19.283321
999.941036 19.277345
999.941036 19.078750
999.941036 19.023658
999.941036 19.006918
999.941037 18.997169
999.941038 18.848008
999.941038 18.816529
999.941038 18.814580
999.941038 18.813981
999.941038 18.808962
999.941038 18.804719
999.941038 18.803001
999.941039 18.802843
999.941039 18.802779
999.941040 18.802639
999.941040 18.802365
999.941048 18.802270
999.941088 18.802112
999.941116 18.798603
999.941150 18.724104
999.941190 18.588217
999.941193 18.565106
999.941206 18.557104
999.941216 18.478483
999.941235 18.435931
999.941236 18.246480
999.941238 18.246379
999.941239 18.246297
999.941239 18.246264
999.941240 18.246202
999.941275 18.245651
999.941275 18.245640
999.941275 18.245622
999.941275 18.245622
999.941275 18.245622
999.941275 18.245622
999.941275 18.245622
999.941275 18.245622
999.941275 18.245621
999.941275 18.245621
999.941275 18.245620
999.941275 18.245620
999.941275 18.245620
999.941275 18.245619
999.941276 18.245619
999.941276 18.245570
999.941276 18.245480
999.941280 18.245470
999.941281 18.245468
999.941281 18.245467
999.941283 18.245273
999.941286 18.244964
999.941291 18.244948
999.941315 18.244770
999.941316 18.244605
999.941324 18.223043
999.941325 18.222328
999.941328 18.221966
999.941342 18.216768
999.941370 18.213871
999.941370 18.194413
999.941370 18.192115
999.941370 18.174611
999.941370 18.174337
999.941370 18.174261
999.941370 18.172142
999.941370 18.171766
999.941370 18.171453
999.941370 18.171111
999.941370 18.171020
999.941370 18.168580
999.941370 18.168174
999.941370 18.163983
999.941370 18.163361
999.941370 18.162904
999.941370 18.160462
999.941370 18.160451
999.941370 18.160439
999.941370 18.153907
999.941370 18.153873
999.941370 18.153815
999.941370 18.153780
999.941370 18.153691
999.941370 18.153631
999.941370 18.153343
999.941370 18.150799
999.941370 18.150443
999.941370 18.150411
999.941370 18.150375
999.941370 18.150262
999.941370 18.150173
999.941370 18.148143
999.941370 18.147210
999.941370 18.144851
999.941370 18.144809
999.941377 18.144766
999.941379 18.144740
999.941379 18.144739
999.941379 18.142681
999.941379 18.142660
999.941379 18.142659
999.941379 18.142657
999.941379 18.142308
999.941382 18.142219
999.941388 18.141736
999.941388 18.141546
999.941388 18.141432
999.941388 18.141366
999.941388 18.141235
999.941388 18.141224
999.941389 18.140071
999.941389 18.136204
999.941389 18.135948
999.941389 18.135878
999.941389 18.135421
999.941390 18.132065
999.941390 18.129459
999.941390 18.128946
999.941390 18.128704
999.941390 18.127887
999.941390 18.126926
999.941390 18.122633
999.941390 18.122183
999.941390 18.114463
999.941391 18.113046
999.941391 18.096291
999.941391 18.093833
999.941391 18.090073
999.951061 17.514284
999.952203 17.387636
999.953244 17.311743
999.961028 16.807102
999.961908 16.568912
999.962465 16.029277
999.970201 15.718020
999.975864 15.598567
999.997958 14.253254
999.998229 11.315806
999.998297 11.304752
999.998338 11.301750
999.998409 11.296677
999.998623 11.291838
999.998795 11.289854
999.998932 11.049432
999.999034 11.045410
999.999243 10.792792
999.999543 3.996731
999.999624 3.771106
999.999632 3.516052
999.999635 3.121554
999.999643 2.758328
999.999661 0.713398
