50 2
1000.000000 500.000000
980.421532 505.123456
962.571258 510.857465
945.124789 516.984521
928.451235 523.458796
912.789456 530.124587
897.456321 537.456982
883.152468 545.124578
869.451236 553.159874
856.321457 561.596321
843.789456 570.453219
831.625489 579.785642
820.145632 589.562341
809.125478 599.785641
798.562134 610.456982
788.456211 621.596321
778.785642 633.215648
769.453214 645.321548
760.451238 657.896542
751.852159 670.896452
743.562148 684.562178
735.623145 698.751246
727.985641 713.524178
720.653218 728.953214
713.621456 744.896532
706.896542 761.423178
700.456981 778.563214
694.326587 796.325478
688.452136 814.653218
682.845213 833.526487
677.485621 853.021546
672.356214 873.125468
667.452136 893.865421
662.769845 915.256348
658.295146 937.315648
654.021547 960.056987
649.945213 983.526478
646.056215 1007.765421
642.345621 1032.785641
638.812456 1058.623145
635.453214 1085.325478
632.265214 1112.956984
629.245631 1141.564523
626.389562 1171.172563
623.695214 1201.815642
621.159874 1233.531254
618.782648 1266.358745
616.562134 1300.325478
614.495621 1335.468795
612.582136 1371.842513