1000.000000 2.000000
13.835197 987.998434
13.867505 987.933240
13.956231 987.908230
13.971896 987.874882
13.984376 987.855965
14.049991 987.826603
29.204579 986.812921
57.492644 986.754088
62.549240 986.704972
65.214110 986.703791
69.876205 986.684470
74.341239 986.681469
78.977385 986.598919
80.163586 986.461602
82.523698 986.460589
82.566239 986.120204
82.634521 985.795128
82.634663 985.793745
82.634950 985.793358
82.674870 901.180326
83.853843 900.898523
83.859406 899.915627
83.860362 899.582563
83.861649 898.933312
83.871974 898.585168
83.969967 891.233524
83.970193 891.203115
83.970687 891.144855
84.139519 890.976735
84.273706 890.860084
84.320307 889.133627
84.375780 889.071541
84.419091 887.165646
84.427360 887.086096
84.433700 887.078651
84.556588 886.416880
85.207779 886.253683
86.869647 885.782193
87.028199 883.210107
87.039763 883.052087
87.063248 882.389009
87.207880 881.447321
87.267014 881.301417
87.326787 881.195216
87.342639 880.946667
87.507629 880.551553
87.515188 880.550464
87.537214 880.550242
87.539053 880.550220
87.548302 880.550148
87.580038 880.548376
87.605883 880.545006
87.706011 880.350670
87.760317 880.262274
87.794173 880.017722
87.803161 880.002969
87.818324 879.143377
87.890250 879.055492
88.144963 878.618621
88.313703 878.584642
88.605427 878.564504
89.006517 878.552959
89.007726 878.550246
89.025141 878.549961
89.872033 878.194412
91.078088 877.874540
91.641541 877.233909
91.766526 874.414810
92.524841 873.028431
142.838488 872.920362
147.892993 871.272505
147.954455 868.825478
147.967987 853.724980
150.729226 850.056649
152.626397 840.550476
152.977927 840.173740
153.323299 832.972683
153.362689 832.606787
153.371270 832.418588
153.381268 832.256503
153.411309 832.208720
153.431657 832.014314
155.200504 830.259830
155.348148 830.068335
155.361847 828.724356
155.647791 827.325584
155.697086 825.054280
155.785411 824.719798
164.161646 822.225605
173.462147 750.036780
173.726975 749.920753
173.844886 749.786396
174.073735 749.781811
174.158268 749.682582
174.194710 749.551398
174.222569 749.387601
174.349701 749.336861
174.392519 749.246017
175.346265 749.191884
176.087221 747.151988
176.139510 744.330557
177.495152 740.908348
177.650788 739.250657
177.882145 738.812623
178.020691 738.212340
178.041315 738.023941
178.084702 737.725703
178.088580 737.701527
178.095443 736.337939
178.151326 736.227600
178.240418 736.201220
178.507564 736.193490
178.972796 736.114722
179.047643 736.008925
180.524309 728.868347
181.099157 728.091194
181.100784 728.077637
181.102988 728.034672
182.338836 721.988491
188.521844 714.870551
209.722715 698.565783
236.150978 694.431709
248.712633 694.413779
248.752126 694.373937
248.851681 694.287481
250.805956 694.264725
267.240957 694.230498
270.439595 694.222789
276.542631 694.201741
280.812280 694.198395
282.981241 694.193882
285.781365 694.165311
285.836391 694.039633
286.414407 693.856100
286.596039 689.759961
286.604396 686.472784
286.612448 686.159133
286.613097 685.265229
286.614178 685.239717
286.616904 685.239173
286.618200 685.011015
286.618389 684.829815
286.618834 684.792947
286.623452 684.788708
286.626750 684.776376
286.627239 684.768863
286.627246 684.723206
286.627949 684.722404
286.634866 684.719923
286.635976 684.715998
286.636042 684.709906
286.636869 684.706812
286.636934 684.705569
286.637830 684.702167
286.638841 684.290120
286.644240 684.281128
287.483724 684.246199
289.440105 684.233193
289.781835 684.105412
289.786628 684.100364
289.800542 684.047244
289.845887 684.039879
289.850720 683.976552
289.973576 683.905620
290.006885 683.890576
290.030726 683.888368
290.045728 683.887024
290.048888 683.885902
290.049117 683.885645
290.049773 683.885617
290.052035 683.885433
290.054679 683.883485
290.060360 683.882028
290.060611 683.880839
290.061838 683.873072
290.064812 683.872442
290.065246 683.860677
290.073887 683.860477
290.075678 683.859419
290.085371 683.858708
290.087973 683.858301
290.144515 683.852148
290.248688 677.272893
290.385818 677.181361
290.727362 677.127628
291.081019 676.868516
291.135662 676.806860
291.332228 676.800206
291.341425 676.792691
291.502532 675.073208
291.508816 675.070523
291.515824 675.069829
291.515840 675.068362
291.515843 675.067187
291.516260 675.051848
291.517114 675.045934
291.523157 674.825804
291.526870 674.183116
291.555240 673.629362
291.555604 673.475974
291.558456 673.465229
291.579959 673.216003
291.580423 673.215837
291.582294 673.215835
291.582821 673.215833
291.619243 673.214398
291.621201 673.211137
291.622843 673.210583
291.623151 673.205339
291.648474 673.194446
291.655870 673.149218
291.663631 672.963592
291.684320 672.642345
291.812287 672.598187
292.702400 669.679787
292.859249 667.913104
292.886029 662.825342
292.886030 662.688667
292.886032 662.660527
292.886034 662.539655
292.886034 661.768614
292.886035 661.420900
292.886040 661.309795
292.886046 661.268834
292.886056 661.004501
292.886058 660.947751
292.886065 660.891262
292.886080 660.826941
292.886105 660.800042
292.886132 660.799527
292.886137 660.795526
292.886138 660.786885
292.886140 660.779869
292.886140 660.779780
292.886140 660.765120
292.886183 659.311222
292.886206 658.992385
292.886209 658.987861
292.886230 658.986812
292.886247 658.654708
292.886412 654.538331
293.036966 654.530789
293.080926 654.490534
293.178290 654.467458
293.186066 654.364011
293.234783 654.332269
293.283230 654.325071
293.286217 654.311612
293.386754 654.241281
293.472445 654.221599
293.475616 654.196310
293.527020 654.194438
293.662662 654.121885
293.720423 653.785395
293.722679 653.777211
293.723381 653.771796
293.725818 653.738849
293.830255 653.375421
293.830441 653.345951
293.830490 653.344932
293.830665 653.344389
293.830674 653.344119
293.830679 653.343852
293.830685 653.343783
293.830704 653.343661
293.830707 653.343367
293.830721 653.342954
293.830722 653.342648
293.830861 653.340494
293.831026 653.340052
293.831027 653.328740
293.831032 653.266318
293.831049 653.234352
293.831184 653.217349
293.831195 653.187789
307.269628 641.785152
314.384390 636.963932
334.663085 636.488846
343.759506 636.385787
368.230064 629.564882
397.455929 602.018726
482.053972 584.900726
511.192598 584.487801
513.216161 584.129323
518.338767 583.817636
530.720825 583.383953
533.184370 583.266625
533.648658 583.123477
561.244011 553.574563
576.509244 545.565316
589.595841 545.477218
589.854517 545.474574
589.880182 545.473806
589.923775 545.466340
589.945426 545.466022
589.977707 545.465664
589.990288 545.457488
589.999606 545.453284
590.078655 545.433450
590.725221 545.430957
590.726921 545.384154
590.729522 545.351556
590.795873 545.346526
590.797130 545.267066
590.798601 545.146234
590.800129 545.143588
590.801868 545.124737
590.960889 545.123549
591.031850 544.731055
592.494963 544.729420
592.539481 544.726601
592.631375 544.726596
592.639628 544.726588
592.659839 544.726585
592.691241 544.726579
602.914936 544.718408
629.568980 544.671814
639.135554 544.516464
660.874207 499.011350
662.680062 497.796529
663.769309 496.622500
664.874407 496.003799
665.765689 490.659670
666.962948 486.661123
687.138359 485.368971
695.990364 467.343343
709.708537 452.240443
709.772437 451.941015
711.412891 451.291967
712.111176 451.139087
712.665699 451.025502
712.692868 450.909429
712.857484 450.893469
713.423333 450.856733
713.574049 450.683633
714.336007 450.599502
714.381245 450.568229
715.419014 450.497522
715.717554 450.413590
715.732160 450.342960
715.894004 450.002573
716.098951 449.845297
716.122006 449.678100
718.560627 443.488300
718.560777 443.483495
718.561515 443.481288
718.561566 443.477065
718.561572 443.476413
718.561597 443.476332
718.561700 443.475820
718.562041 443.472372
718.563200 443.470230
718.563448 443.457946
718.569501 443.423964
718.591384 443.418201
718.594568 443.417474
718.595208 443.414841
718.595707 443.414755
718.596403 443.414599
718.596569 443.414593
718.597871 443.414512
718.599385 443.414443
718.606675 443.412683
718.617243 443.410999
718.617513 443.237223
718.617587 443.128403
718.617597 442.939948
718.618924 442.656618
718.619501 442.371921
718.623100 442.371627
718.624729 442.371054
718.625490 442.370916
718.625900 442.369923
718.627745 442.369293
718.628200 442.367635
718.628222 442.366738
718.628315 442.365670
718.628610 442.365646
718.628618 442.361456
718.630377 442.359253
718.630418 442.355088
718.630441 442.355073
718.630441 442.354967
718.630727 442.354836
718.630742 442.354752
718.630753 442.354680
718.630764 442.354539
718.630967 442.354214
718.630989 442.352670
718.631118 442.352478
718.631258 442.351240
718.631335 442.351158
718.631364 442.351064
718.631374 442.351034
718.632409 442.350951
718.632418 442.327176
718.632447 442.324687
718.632494 442.306954
718.632544 442.306937
718.632555 442.306758
718.632672 442.306752
718.633176 442.306682
718.633740 442.306468
718.635933 442.306431
718.643448 442.306314
718.643512 442.306230
718.643597 442.306201
718.644653 442.306171
718.645590 442.305872
718.645966 442.305653
718.646125 442.304362
718.649696 442.303805
718.650232 442.303638
718.651539 442.287501
718.652097 442.272225
718.652811 442.266272
718.653138 442.263875
718.659644 442.261823
718.672787 442.236328
718.701272 442.234625
718.921637 436.370958
718.958812 433.229496
718.959358 430.123797
718.960513 426.513023
718.961226 420.234699
718.963222 420.234679
718.963224 420.234669
718.963452 420.234667
718.963503 420.234665
718.964115 420.234663
718.965515 420.234619
718.966240 420.234577
718.966653 420.234555
718.973485 420.234554
718.978565 420.234553
718.979686 420.234537
719.000499 420.234418
719.001072 420.232990
719.001259 420.232720
719.001986 420.232469
719.004560 420.232338
719.005475 420.174930
719.008742 420.171416
719.028661 420.160487
719.041994 420.067912
719.052709 419.938467
719.297120 418.932377
719.344649 418.255563
719.409934 418.010005
719.699199 408.172024
720.074328 404.909284
720.160810 404.766211
720.244460 403.966233
720.246836 396.317493
720.341904 391.381495
720.346353 387.675305
720.355264 382.324561
720.410663 373.408313
720.430699 371.259807
720.431395 371.194192
720.431769 371.193374
720.432198 371.051996
720.432441 371.045849
720.432734 370.255712
720.433913 368.428973
720.607117 364.009285
720.747514 361.719507
721.001429 360.405298
721.049412 359.940428
723.424405 359.843374
724.559955 358.914986
724.726356 358.019283
725.067122 354.395522
725.088800 354.389679
725.089246 354.389679
725.089247 354.389679
725.089624 354.389674
725.093410 354.389646
725.102551 354.322854
725.113943 354.198750
725.150490 354.105085
725.151606 353.845880
725.151662 353.766746
725.154281 353.667231
725.162009 353.641540
725.177254 353.610308
725.178590 353.591036
725.210317 353.500243
725.220179 353.491130
725.231603 353.433254
725.315007 353.046348
725.315514 353.004728
725.315805 353.004728
725.315831 353.004727
725.328268 353.004727
725.335958 353.004725
725.342125 353.004550
725.347331 353.004306
725.347530 353.004239
725.347728 353.004035
725.352381 353.003910
725.422344 353.003901
725.492434 353.003889
725.799475 353.003142
725.819387 353.002146
725.822604 353.001277
725.823119 352.993960
725.823259 352.976859
725.832185 352.964071
725.838159 351.881904
725.852673 351.817730
725.854536 351.772086
725.854830 351.762649
725.855054 351.759403
725.855391 351.729203
725.855620 351.666088
725.857588 351.530396
725.857962 350.995779
725.858052 350.994207
725.858061 350.988905
725.858073 350.967193
725.858404 350.367837
725.870060 350.350616
725.870329 350.346031
725.871016 350.314931
725.872040 350.190837
725.874409 350.041086
725.874700 349.766308
725.875922 349.650431
726.265698 349.314902
726.266578 349.151182
726.268538 349.118022
726.270545 348.298851
726.448584 348.296791
726.542753 348.296503
726.645344 348.015199
726.645480 347.939756
726.645504 347.857594
726.649121 347.854709
726.650175 347.852217
726.651280 347.069624
727.082532 347.062591
727.638525 346.441060
727.652787 346.325920
727.744016 346.318996
727.768888 346.308767
727.772969 346.260647
727.775028 346.217751
727.798814 345.731704
727.887899 344.891024
727.961179 344.414283
727.985948 342.981046
728.051895 342.935070
728.174849 342.679859
728.175030 340.669621
728.175033 340.585035
728.175038 340.185983
728.183977 340.155318
728.184153 335.224717
728.235455 335.222113
728.255192 335.221684
728.312616 335.220930
728.737434 335.173846
728.910775 335.173832
728.932740 335.173739
728.982976 335.172360
729.015024 335.171488
729.133483 335.170572
729.198473 335.164453
729.233607 335.159446
729.254984 335.158388
729.276655 335.158216
729.277362 335.158204
729.317703 333.678840
729.330936 329.243747
729.629712 322.126052
729.707809 322.073982
729.707934 321.972982
729.708382 321.616221
729.749063 321.531271
729.811294 319.508727
729.913223 318.427361
729.966507 318.096546
730.089261 318.041346
730.138421 318.023552
730.174316 317.865534
730.174691 317.208219
730.174888 317.146869
730.175618 317.112125
730.576511 302.284116
730.616705 302.217929
730.724296 301.805387
730.731339 300.707648
730.740797 300.464031
731.139830 300.113807
731.469702 300.052347
731.469799 299.813263
731.501956 299.665222
731.575058 299.551940
731.626206 284.687751
732.629864 283.821688
732.825676 282.860989
732.978674 279.935038
733.516237 274.238802
734.204484 274.237597
734.301034 274.232096
734.326059 273.919961
743.495561 273.915945
743.580130 273.915734
743.883165 273.914706
744.344705 273.879765
744.488752 272.145331
745.273660 270.249758
745.443363 270.156023
745.816540 270.122245
745.898042 270.087307
745.914074 270.076894
745.914145 270.072276
747.930897 269.986603
748.164453 268.823510
748.502588 268.661171
748.502753 268.653602
748.503084 268.631113
748.674919 267.876694
748.717734 267.270425
749.882135 265.554533
749.936653 265.179821
750.123315 264.922010
753.492772 264.867999
753.537484 264.867175
753.540053 264.847127
753.569194 264.846286
753.574307 264.845963
753.575084 264.845698
753.575932 264.840036
753.597923 264.839645
753.635085 264.838576
753.639608 264.837618
753.652440 264.837608
753.873671 264.666405
753.877430 264.653370
753.886502 264.650625
753.890114 264.649793
753.890958 264.586382
753.891267 264.560465
753.892145 264.560374
753.895748 264.560266
753.898873 264.560186
753.908721 264.329252
753.912510 264.179998
753.926623 264.095190
754.042257 264.094024
754.163076 263.890139
754.192848 263.647570
754.196971 263.627371
754.197478 263.472424
754.201451 263.324572
754.435373 263.060837
755.384203 262.155363
755.630713 250.168097
757.266666 246.559669
757.563178 246.388194
757.851264 246.341564
758.017443 245.988583
758.022794 245.940439
758.105740 245.936815
758.106135 245.650213
758.148672 245.577052
758.212201 245.472325
758.218588 245.468369
758.489848 244.825891
758.681070 243.727319
758.711317 243.550171
758.714840 243.404674
758.720539 242.578445
758.739196 242.403844
758.747670 242.403146
758.778261 194.257971
758.787166 191.340151
758.846095 191.231525
758.983360 189.952571
761.177538 185.905631
761.426597 185.225929
761.470334 185.213399
761.472003 184.180337
761.513333 184.176003
761.826862 183.904032
762.614839 183.247823
764.395388 178.426355
764.606202 171.508818
764.661051 162.589969
764.755685 162.158089
764.762975 161.971491
764.765962 159.753218
764.823032 159.745510
764.832218 159.738254
764.839242 159.697088
764.963153 159.644268
765.090084 159.261083
765.166491 158.697463
765.255998 158.445248
765.289524 158.437767
765.300995 158.434309
765.309279 158.373471
765.316264 158.359402
765.331003 158.335064
765.365667 158.228479
765.549055 158.225245
765.602000 158.224413
765.611482 158.223451
765.612364 158.223450
765.613876 158.223449
765.614800 158.223449
765.617899 158.223424
765.618257 158.223415
765.622527 158.221275
765.624041 158.221252
765.627836 158.220854
765.629182 158.220780
765.629384 158.220718
765.654091 158.220652
765.663061 158.203913
765.953462 158.180780
765.953989 158.151146
765.954146 158.149459
765.954671 158.136386
765.955074 158.133968
765.956402 158.085941
765.956548 158.084903
765.956926 158.083206
765.957985 158.067347
765.958422 158.057115
765.961382 158.055407
765.964366 158.054239
765.973159 158.053296
765.973646 158.052535
765.993281 158.049861
765.996207 158.048902
766.011465 158.047376
766.019532 158.026775
766.191621 158.024451
766.235206 158.024093
766.376493 158.023090
766.376701 158.021754
766.376753 158.021751
766.376755 158.021751
766.376757 158.021749
766.376771 158.021735
766.376772 158.021734
766.376773 158.021708
766.376776 158.021694
766.376786 158.021659
766.384601 157.963696
766.388877 157.910692
766.390341 157.903123
766.390857 157.896276
766.542340 157.790828
767.248562 157.742241
767.635155 157.620346
767.683650 157.593079
767.697348 157.215372
767.726360 155.835123
767.756305 155.536850
767.822066 152.283549
767.848532 151.100461
767.948065 149.488457
768.174990 146.055921
768.175814 145.963209
768.177005 145.882998
768.177307 145.879405
768.177309 145.879038
768.177312 145.874331
768.177322 145.873689
768.177508 145.873593
768.178255 145.665121
768.178318 145.638053
768.178327 145.347442
768.178374 145.300739
768.178399 145.300706
768.178422 145.300682
768.178455 145.300672
768.178456 145.300629
768.178459 145.300592
768.178490 145.300481
768.178491 145.300434
768.178491 145.300424
768.178522 145.300283
768.178594 144.962317
768.179620 144.211760
768.203505 144.184295
768.215375 144.184126
768.237862 144.176785
768.238083 144.175685
768.238309 144.162560
768.238640 144.161093
768.238907 144.160202
768.238911 144.106640
768.239004 144.089018
768.239137 144.069015
768.239291 144.053060
768.277313 144.050458
768.380243 144.050250
768.500070 144.048771
768.674146 144.048583
769.072583 144.047741
769.324102 144.044951
769.482658 144.044131
769.500406 144.042532
769.961712 144.041748
770.150667 144.030930
770.239177 144.030496
770.261285 144.030349
770.344022 144.024530
770.691210 144.016868
770.738266 143.989988
770.917625 143.968296
770.983887 143.956919
771.006435 143.954167
771.042916 143.937336
771.104855 143.921527
771.114866 143.917859
771.117860 143.917092
771.119931 143.911529
771.199379 143.850511
771.256517 143.847491
771.414641 143.831755
771.425381 143.792891
771.522961 143.784704
771.553598 143.719343
771.592276 143.697880
771.611559 143.382807
771.637538 142.873592
771.644162 142.872563
771.668235 142.863410
771.668255 142.862495
771.668307 142.861933
771.668321 142.861422
771.668492 142.857766
771.669116 142.857600
771.669117 142.857330
771.669117 142.844090
771.669226 142.840088
771.669468 142.840024
771.669567 142.839736
771.669644 142.839031
771.669680 142.835375
771.669727 142.819624
771.669792 142.814683
771.670424 142.803660
771.671308 142.803488
771.672366 142.803416
771.672939 142.802722
771.675178 142.802241
771.676791 142.797635
771.677932 142.797344
771.678464 142.796580
771.709234 142.774655
771.891332 142.773986
771.908267 142.730626
771.945612 142.666174
772.013162 142.613925
772.141317 142.534079
772.566931 142.257553
772.588842 142.236503
772.589702 141.964957
772.593763 141.213532
772.635686 140.098129
772.640744 140.072880
772.641963 140.071643
772.642614 140.069276
772.646606 140.041447
772.649165 140.027902
772.686669 139.501779
772.701587 139.219507
772.726855 139.178422
772.727048 139.140861
772.727622 139.128932
772.730005 139.123324
772.730580 139.121308
773.002962 136.525540
773.004758 136.525504
773.030873 136.525458
773.056624 134.022260
773.072102 131.998946
773.086982 127.261621
773.193654 126.156502
773.421395 122.832264
773.495377 122.782046
773.730062 122.773349
774.053040 122.677383
774.059006 122.662880
774.894927 122.235494
774.949736 122.198719
774.954523 121.372717
774.957276 121.230783
774.957376 119.657418
774.961241 119.530215
775.434241 117.196522
775.442003 116.925810
775.462243 116.865425
775.587845 116.791248
775.781458 115.785778
775.781842 115.609747
775.781870 115.595052
775.782257 115.579402
775.787595 115.567588
775.794704 115.467008
778.970826 114.114385
780.005521 113.917086
780.092820 112.123061
780.307789 112.120806
781.142522 112.021664
782.626493 109.725422
782.640994 107.671477
782.649774 102.335926
782.650795 97.615860
782.650799 94.139375
782.651143 91.092007
782.651231 90.651862
782.652468 90.621128
782.692035 90.585395
782.703238 90.452320
782.703256 90.451922
782.704020 90.451883
782.704412 90.447427
782.710783 90.445885
782.717341 90.373946
782.717964 89.871936
782.718147 89.870663
782.718170 89.810122
782.718305 89.753106
782.718443 89.686413
782.721733 89.339347
782.726742 89.001825
789.300528 84.923493
794.854976 80.592877
794.878462 80.581424
794.943392 78.647587
794.943691 78.559920
794.951909 78.427768
794.954708 78.065039
795.068581 77.882514
795.104439 77.176970
822.790756 75.064305
822.914160 74.499843
823.372945 73.880909
823.496634 73.728237
824.045326 71.367239
824.706143 69.622759
827.045198 69.600406
827.233224 69.431938
827.852523 69.118026
832.557988 69.104075
837.662484 69.014798
843.902579 69.009327
846.184817 68.770762
851.228024 66.581198
856.645100 66.581048
858.136998 66.574992
859.773400 66.571003
870.749316 66.570491
871.691567 66.570027
874.194365 66.568983
880.025606 66.275234
880.339335 66.275094
880.607451 66.274623
880.889329 66.274497
881.400782 66.274229
881.440853 66.274193
882.531086 66.273740
882.648410 66.273738
882.926804 66.273736
882.974473 66.273736
891.943154 66.258122
891.947545 66.225325
891.977567 66.220495
892.040895 65.430515
892.374116 65.382686
892.400849 65.087501
893.092855 63.432785
893.604259 62.735490
895.914227 62.620675
895.972459 62.087759
896.526455 60.630481
901.870039 60.554577
919.130770 60.430658
942.733622 60.010600
943.414875 51.742318
955.904356 51.741916
963.797078 48.977859
967.438444 47.670945
986.820725 45.134065
990.248710 41.067415
990.256831 41.067339
990.385726 40.826563
990.467079 40.706224
991.157611 40.426655
998.587347 11.834126
998.847270 5.111266
999.562633 3.077369
