1000.000000 2.000000
10.185348 997.208288
10.395322 995.834557
15.739643 990.662692
16.177456 990.047677
17.454519 989.941071
17.794075 989.640370
18.963268 989.226558
19.214605 988.976907
19.224490 986.683277
19.228890 986.637372
19.391589 986.615812
19.452480 986.400336
20.997331 986.235492
21.646902 986.112657
26.664233 986.066535
36.075611 986.002394
41.349695 985.982787
42.237534 985.939528
42.656091 985.877093
47.726833 985.848653
47.970505 982.943062
50.721694 982.554117
50.721807 982.503513
50.729809 982.500511
50.735038 982.499850
50.735125 982.491342
50.735180 982.462338
50.735200 982.462268
50.749972 980.750682
52.824902 979.175693
52.876133 979.173968
52.880922 979.173365
52.881098 979.173225
52.881157 979.173224
52.881512 979.173121
52.891881 979.172135
52.912011 979.159988
52.997721 979.153553
53.019345 979.143389
53.268221 978.956488
53.294244 978.943096
53.299443 978.920034
53.300964 978.904369
53.361073 978.807479
53.825162 978.763097
54.049022 978.597198
55.972323 978.434026
56.632090 978.421636
57.823841 978.402033
59.174473 978.361316
59.256666 978.352073
59.352651 978.350185
59.404811 978.322553
60.891186 978.261629
63.269293 978.203110
63.567609 978.202752
63.578781 978.201845
63.589892 978.198363
63.742035 978.193133
64.088832 978.187076
64.153695 978.185958
64.211755 978.185381
64.212490 978.185075
64.245444 978.184816
64.410332 978.184452
64.473288 978.184362
65.443401 978.184337
65.486341 978.184280
65.563108 978.184140
65.586870 978.184066
65.593147 978.183821
65.852933 978.180238
67.018161 978.180223
67.324639 978.180213
67.883104 978.180206
67.920202 978.179593
67.920580 978.179588
67.924914 978.179585
67.925352 978.179584
67.925459 978.179584
67.925465 978.179577
67.926542 978.179574
67.940592 978.179489
67.940606 978.179487
67.940921 978.179484
67.941244 978.179483
67.941254 978.179478
67.944275 978.179391
67.944495 978.179371
67.944594 978.179371
67.951271 978.179104
67.983964 978.179087
67.984984 978.178956
67.994379 978.178956
67.998265 978.178956
68.027052 978.178955
68.029725 978.178955
68.059447 978.178955
68.086342 978.178952
68.088148 978.178952
68.088829 978.178951
68.094735 978.178891
68.096303 978.178888
68.098717 978.178885
68.098727 978.178885
68.100485 978.178884
68.100494 978.178884
68.107858 978.178848
68.127452 978.178165
68.182527 978.177846
68.182870 978.177816
68.188347 978.177803
68.190213 978.177802
68.194636 978.177801
68.195016 978.177732
68.198152 978.177681
68.205746 978.177618
68.209929 978.177614
68.253991 978.177552
68.405608 978.174082
68.407310 978.174081
68.409302 978.173768
68.413370 978.173765
68.432335 978.173143
68.434481 978.173024
68.985426 978.168444
69.238957 978.164691
69.285280 978.164024
69.411497 978.163790
69.413281 978.148659
69.420597 978.148338
69.422823 978.148062
69.422889 978.143227
69.425194 978.140959
73.928243 955.935948
74.138672 948.761459
74.585163 948.090246
77.569368 942.759717
81.504370 940.553498
82.022754 939.763760
85.616540 939.385744
85.705975 939.071749
85.724465 938.919209
88.702308 938.833755
88.730202 938.719794
88.816151 938.718975
88.839772 938.718418
88.880463 938.717808
88.941019 938.654852
89.165860 938.626543
89.310739 937.034032
89.576839 936.706575
89.665128 936.609738
89.726021 936.422362
89.754262 936.335625
89.756500 936.333455
89.757953 936.332868
89.757965 936.313058
89.758419 936.301672
89.759333 936.289925
89.760921 936.287236
89.830406 936.284055
89.851639 936.271918
89.851810 936.261069
89.852015 936.260962
89.852066 936.260959
89.852158 936.260956
89.852182 936.260947
89.852183 936.259093
89.852193 936.259055
89.852195 936.259048
89.853370 936.248651
89.854163 936.211694
89.855218 936.209781
89.855865 936.207051
89.856074 936.196904
89.856108 936.180320
89.856134 935.933407
89.856136 935.933368
89.856140 935.932469
89.856201 935.930862
89.856220 935.798404
90.327544 935.744044
90.329497 935.737584
90.338008 935.696945
90.540495 935.678152
90.546227 935.330535
90.553524 934.788031
90.560040 934.614693
90.562375 934.611108
90.563477 934.606937
90.570084 934.584104
90.573922 934.483010
90.578721 934.464772
90.580770 934.464760
90.583964 934.464757
90.584779 934.464743
90.585352 934.464729
90.585401 934.464727
90.586010 934.464722
90.586040 934.464721
90.587969 934.464718
90.588754 934.464698
90.590904 934.319761
90.591919 934.280727
90.595291 934.060842
90.607341 933.983692
90.607726 933.696731
90.776839 932.832346
90.779742 932.726301
91.237682 932.701081
91.242332 930.709342
91.243834 930.691005
91.244074 930.686745
91.244086 930.595373
91.246527 930.502456
91.258586 930.482344
91.261736 930.478885
91.261798 930.477132
91.261853 930.476614
91.267702 930.372618
91.366203 929.670223
91.373647 929.655629
91.377919 929.581594
91.378920 929.579790
91.383626 929.562524
91.403604 929.540435
91.407210 929.502259
91.414300 929.481615
91.414853 929.478044
91.416482 929.470974
91.417591 929.465389
91.548768 929.454862
91.675319 929.412444
91.676405 929.364338
91.692188 929.327862
91.692630 929.321684
91.696334 929.270825
91.700946 929.270769
92.046732 929.072453
92.215446 925.864849
92.226645 923.094199
92.307620 919.493117
93.290369 915.688049
93.390443 914.018761
97.522408 913.338958
99.376437 912.807213
99.632933 909.233600
99.983658 890.577624
100.207514 886.246494
100.300336 878.720250
100.333463 876.172555
100.341979 839.663316
106.122098 828.508583
108.945105 511.916624
125.865754 494.684420
133.482791 494.416375
133.875006 493.031662
134.312494 492.886178
134.393980 492.791318
134.394355 492.715294
134.394707 492.690872
134.394984 492.628814
134.395334 492.587500
134.395335 492.555120
134.395338 492.549565
134.395342 492.530955
134.395421 492.527295
134.512653 492.521299
134.543273 492.509506
134.543281 492.509442
134.543294 492.509413
134.543294 492.509404
134.543295 492.509376
134.543296 492.509371
134.543338 492.509369
134.543361 492.509355
134.543361 492.508861
134.543361 492.508809
134.543364 492.508739
134.543364 492.508732
134.543365 492.508728
134.543458 492.508273
134.543462 492.507249
134.543462 492.507249
134.543463 492.507249
134.543463 492.507249
134.543464 492.507249
134.543464 492.507249
134.543464 492.507249
134.543464 492.507249
134.543464 492.507249
134.543464 492.507249
134.543475 492.507249
134.543481 492.507249
134.543530 492.507249
134.543773 492.507248
134.543774 492.507248
134.543774 492.507248
134.543804 492.507248
134.543810 492.507248
134.545997 492.507198
134.659095 492.498557
134.663624 492.498418
134.664016 492.497886
134.664305 492.497803
134.664412 492.497798
134.664451 492.497796
134.664473 492.497784
134.665695 492.497762
134.676278 492.497421
134.706454 492.497379
134.707591 492.497340
134.707720 492.497314
134.710528 492.497147
134.716773 492.497089
134.716987 492.497073
134.718431 492.497052
134.720731 492.496823
134.722992 492.496814
134.723267 492.072195
134.723320 491.489951
134.723575 491.344474
134.740396 491.136875
134.742594 491.124425
134.744831 491.123588
134.745708 491.123465
134.751274 490.638779
134.751306 490.416946
134.751393 490.412374
134.751452 490.347501
134.753176 489.456706
134.753222 489.143659
134.753240 489.138763
134.753273 489.129221
134.753274 489.105312
134.753746 489.055884
134.760784 488.901543
134.762490 488.899694
134.765977 488.897651
134.767989 488.891969
134.767991 488.891307
134.767998 488.887273
134.785755 488.502352
134.789565 487.881829
134.790575 487.881812
134.805507 487.881035
134.933955 487.879706
135.058746 487.879560
135.097216 487.878779
135.099357 487.878738
135.099851 487.878686
135.234252 487.878634
135.382786 487.873015
135.424910 487.872972
135.430930 487.872760
135.433754 487.865312
135.434022 487.863878
135.434054 487.863603
135.434068 487.861704
135.434099 487.859505
135.438337 487.851217
135.438389 487.851078
135.457496 487.845630
135.495769 487.843317
135.523719 487.808588
135.538674 487.805973
135.544717 487.659756
135.544838 487.659755
135.545146 487.659755
135.545477 487.659752
135.545876 487.659747
135.547365 487.659737
135.547897 487.659704
135.547953 487.659683
135.549514 487.659640
135.549535 487.659046
135.549569 487.659021
135.549604 487.655848
135.549630 487.655475
135.549651 487.654976
135.549691 487.654807
135.549714 487.654488
135.549811 487.654443
135.549828 487.654440
135.549871 487.653738
135.549877 487.653719
135.550850 487.653676
135.551153 487.653663
135.552246 487.653471
135.568990 487.653432
135.598517 487.652694
135.600092 487.652488
135.624283 487.652193
135.721421 487.652030
135.752420 487.651564
135.752430 487.651536
135.753415 487.651391
135.754095 487.651316
135.759108 487.651308
135.760974 487.650798
135.765521 487.650722
135.770386 487.650514
135.786824 487.650477
135.786988 487.650454
135.787346 487.650454
135.787539 487.650449
135.787940 487.650436
135.787940 487.650436
135.787941 487.650435
135.787942 487.650435
135.788018 487.650435
135.788030 487.650435
135.788036 487.650434
135.788105 487.650433
135.788640 487.650433
135.788987 487.650433
135.789031 487.650433
135.789129 487.650433
135.789756 487.650432
135.789771 487.650431
135.789783 487.650430
135.789986 487.650430
135.790074 487.650429
135.790233 487.650427
135.790330 487.650426
135.790503 487.650425
135.790593 487.650415
135.791020 487.650379
135.791032 487.650352
135.793322 487.650271
135.793383 487.649917
135.793385 487.649916
135.793386 487.649916
135.793386 487.649916
135.793466 487.649916
135.793475 487.649890
135.793501 487.649849
135.793506 487.649846
135.793507 487.649844
135.793509 487.649838
135.793566 487.649823
135.793890 487.649799
135.820153 487.649617
135.878329 487.649596
136.040104 487.649589
136.054324 487.649557
136.055429 487.649557
136.055886 487.649485
136.143605 487.649410
136.145182 487.649408
136.145938 487.649408
136.148245 487.649406
136.151365 487.649390
136.151389 487.649390
136.151410 487.649389
136.151801 487.649376
136.152934 487.649371
136.155633 487.649369
136.178190 487.649145
136.288672 487.648302
136.293871 487.646958
136.299295 487.646664
136.317064 487.645184
136.319035 487.644147
136.339985 487.635309
136.343800 487.631997
136.346085 487.629849
136.353118 487.618019
136.684002 487.538480
136.775032 487.462799
136.958082 487.404480
136.990960 487.376464
137.053371 487.372510
137.372724 486.763411
137.646416 486.666403
137.651849 486.630068
137.655552 486.581483
137.673548 486.326737
138.098272 485.717446
138.100842 485.700377
138.641338 485.667615
139.097580 485.580734
140.049227 485.525545
140.097851 485.513856
140.111245 485.472717
140.135938 484.826417
140.159165 484.275090
140.161167 484.216251
140.161526 484.193060
140.293267 484.029386
140.306549 483.533083
140.311182 483.458295
140.585391 476.772751
140.597475 476.676304
140.675696 476.334437
140.825001 475.808062
140.825077 475.772827
140.825414 475.741816
140.826323 475.737466
140.826504 475.734538
140.827368 475.722192
140.828049 475.685332
140.832752 475.682278
140.844267 475.666104
140.854026 475.018778
140.882483 474.990727
140.909529 473.735951
140.928518 472.659629
140.964530 471.279603
140.965029 469.248722
140.968459 469.206970
141.068843 469.199571
141.087479 469.121396
141.154779 468.917260
141.160324 468.899305
141.162289 468.890548
141.171462 468.880546
141.184263 468.729762
141.185301 468.721845
141.185697 468.706799
141.194704 468.703503
141.301982 468.494291
141.302814 468.494290
141.305737 468.494282
141.306512 468.494276
141.306554 468.494256
141.307282 468.494254
141.308127 468.494243
141.308653 468.494024
141.313266 468.491988
141.322662 468.484257
141.326338 468.480265
141.427038 468.474962
141.438891 468.466601
141.503601 468.466595
141.505940 468.455997
141.506388 468.455534
141.506691 468.455281
141.507616 468.440969
141.509092 468.433815
141.518335 468.433308
141.558118 468.401612
141.561161 468.324469
141.563387 468.324439
141.564107 468.323966
141.570148 468.323499
141.581277 468.323475
141.582077 468.322813
141.619016 468.322372
141.658917 468.321963
141.661794 468.318078
141.675564 468.316602
141.678583 468.316574
141.697395 468.316443
142.107448 468.297058
142.130386 468.275855
142.148057 468.266434
142.171000 468.260289
142.171258 468.260288
142.173711 468.260288
142.173757 468.260284
142.174037 468.260281
142.194548 468.260275
142.209210 468.260273
142.209392 468.259544
142.209514 468.257568
142.210923 468.257335
142.210940 468.257302
142.210955 468.257170
142.210986 468.257109
142.211693 468.250894
142.212019 468.240149
142.217794 468.234136
142.231933 468.231078
142.252114 468.230575
142.269084 468.226299
142.297272 468.213175
142.308369 468.212630
142.347528 467.865232
142.422663 467.599546
142.424589 467.495865
142.539195 467.362340
142.542556 467.348122
142.542558 467.344764
142.542558 467.342681
142.542558 467.342608
142.542563 467.338565
142.543390 467.324224
142.543921 467.320206
142.600771 467.255035
142.676636 467.225588
142.769035 466.092922
143.291158 465.489422
143.293375 465.354008
143.307452 465.352667
143.311743 465.321579
143.518259 463.556203
143.929394 462.082909
144.037566 462.082896
144.072381 462.080764
144.254194 462.077320
144.491884 461.936221
144.585862 461.930321
144.656080 461.875034
144.764033 461.702297
144.764159 461.700277
144.837862 461.668116
144.848400 461.662967
144.863892 461.662695
144.863931 461.655304
144.960217 461.651281
145.158643 461.646844
145.586850 461.565957
145.748497 461.562291
145.755346 461.533358
145.835031 461.475424
145.852814 461.465613
145.859739 461.465291
145.934697 460.569859
145.952693 460.321806
146.002941 458.941590
146.134958 458.686066
146.135376 458.683975
146.172732 458.678419
146.175972 458.346586
146.195135 458.301445
146.207584 458.260132
146.208905 458.164729
146.303709 458.095973
146.337894 457.985469
146.339084 457.980768
146.339149 457.972349
146.339253 457.959109
146.339290 457.957984
146.339294 457.939897
146.339818 457.919112
146.340014 457.897373
146.340237 457.865547
146.340483 457.864859
146.340500 457.844997
146.340585 457.819151
146.340736 457.810915
146.341327 457.780754
146.565495 457.189288
146.761903 457.074701
146.775593 457.060607
146.783848 457.049827
146.786790 457.036935
146.811077 457.014126
146.953519 455.853694
147.131027 455.675867
147.214975 455.674880
147.221135 455.663087
147.426873 455.504797
147.431631 455.132391
147.431747 455.121093
147.432810 455.117616
147.434440 454.925239
147.434529 454.904117
147.434704 454.893443
147.434723 454.752412
147.435002 454.748887
147.435066 454.745674
147.435610 454.450261
147.437859 454.410254
147.442194 454.385243
147.442487 454.353297
147.445350 454.071999
147.445782 454.038215
147.446013 454.038071
147.446022 454.011733
147.446097 454.008353
147.446112 454.008198
147.446113 454.006203
147.446176 454.003377
147.446225 453.911619
147.446230 453.903939
147.446230 453.902726
147.446242 453.889355
147.446243 453.887758
147.446243 453.870828
147.446243 453.869017
147.446243 453.867255
147.446243 453.860752
147.446244 453.859785
147.446393 453.766738
147.446486 453.759160
147.446486 453.759141
147.446486 453.759131
147.446488 453.759118
147.446508 453.759113
147.446535 453.749949
147.446589 453.746746
147.446590 453.746655
147.446592 453.746634
147.446592 453.745932
147.446599 453.745081
147.446600 453.744546
147.446608 453.742575
147.446627 453.733260
147.446692 453.723598
147.446717 453.721571
147.446717 453.721427
147.446718 453.721236
147.446760 453.720965
147.446761 453.716597
147.446792 453.706163
147.446827 453.696644
147.447335 453.609087
147.449035 453.459984
147.449816 453.395614
147.450438 453.055720
147.450492 453.023862
147.450503 452.998937
147.450511 452.785347
147.450578 451.466194
147.450610 450.982459
147.453582 450.324606
147.453592 450.210515
147.453596 449.870601
147.453597 449.371894
147.453611 449.307232
147.453613 449.205783
147.454367 448.597652
147.456177 448.543123
147.456188 448.513964
147.456191 448.513459
147.456193 448.393573
147.456201 448.392883
147.456284 448.384947
147.465041 437.094775
147.466135 436.823427
147.466260 436.703754
147.466627 436.617664
147.467545 436.185077
147.470952 435.938525
147.470952 435.926417
147.470953 435.904017
147.470953 435.899285
147.470954 435.875334
147.470954 435.875299
147.470956 435.841866
147.470956 435.841777
147.470956 435.827742
147.470956 435.787537
147.470957 435.779325
147.471158 435.778905
147.471225 435.777179
147.471243 435.776761
147.471245 435.773434
147.471292 435.769297
147.471293 435.762522
147.471295 435.755814
147.471297 435.755780
147.471298 435.755769
147.471399 435.750366
147.471790 435.617490
147.471813 435.612304
147.471818 435.583032
147.471828 435.577834
147.471831 435.544881
147.471841 435.477383
147.472471 431.015551
147.474573 430.885611
147.474626 430.885519
147.474751 430.885429
147.475049 430.885184
147.475100 430.871540
147.475120 430.867098
147.475135 430.842477
147.479666 430.788310
147.487171 430.155204
147.489190 430.099075
147.489396 430.088158
147.489432 430.027419
147.490056 430.005700
147.490082 429.836995
147.490089 429.786648
147.490134 429.751003
147.490185 429.679397
147.501693 429.627469
147.502231 429.625933
147.502507 429.621966
147.502547 429.620944
147.502747 429.614868
147.503045 429.586914
147.503085 429.559973
147.503119 429.556316
147.503128 429.545836
147.503153 429.545219
147.503157 429.537048
147.503159 429.502463
147.503201 429.496207
147.507456 429.408644
147.892177 421.744523
147.916228 420.837079
148.010051 420.435701
148.010257 417.894088
148.010291 417.581059
148.010926 417.439324
148.011290 417.433702
148.011301 417.430446
148.011340 417.427437
148.011402 417.401114
148.011447 417.393191
148.012057 417.197265
148.012383 417.168728
148.016697 416.924421
148.017668 416.805032
148.017763 416.762158
148.017830 416.634502
148.019263 416.381812
148.020978 416.340925
148.022242 416.269975
148.023706 416.027868
148.043629 415.992929
148.056484 415.992554
148.056713 415.991721
148.058331 415.663116
148.063083 414.646493
148.068025 414.372949
148.068028 414.372827
148.068035 414.371422
148.068035 414.369727
148.068035 414.365482
148.068036 414.210723
148.068036 413.780746
148.068089 413.489006
148.068092 413.301939
148.068168 413.251426
148.068218 413.215922
148.068229 413.036243
148.068263 412.866046
148.068271 412.614819
148.068279 412.593836
148.068835 411.615829
148.072211 411.424984
148.073824 411.376570
148.081306 411.357601
148.086565 411.229983
148.128308 410.549007
148.175521 410.548419
148.194829 410.548116
148.202432 410.547973
148.344990 410.547591
148.384597 410.546953
148.399870 410.545736
148.400018 410.545008
148.408229 410.544968
148.408622 410.544553
148.408817 410.543509
148.412935 410.543387
148.413809 410.543347
148.416612 410.542831
148.416909 410.542690
148.416967 410.542663
148.416994 410.542648
148.417457 410.542624
148.420206 410.542453
148.420251 410.542446
148.420800 410.542352
148.427614 410.542168
148.428279 410.539628
148.428414 410.535626
148.428765 410.535427
148.429014 410.535337
148.429426 410.535299
148.432775 410.531168
148.437478 410.530804
148.437675 410.523109
148.438238 410.517119
148.449536 410.516327
148.450181 410.461658
148.450661 410.461404
148.457903 410.459990
148.461195 410.458260
148.461740 410.458033
148.468652 410.456741
148.479790 410.453149
148.479879 410.453107
148.479928 410.452988
148.480899 410.451940
148.480906 410.451052
148.480975 410.450999
148.480989 410.450126
148.489764 410.441219
148.510571 410.436687
148.512982 410.435510
149.868694 404.423751
153.489264 377.214403
153.489453 363.425853
154.476616 338.881581
154.495046 333.282559
154.556620 326.676822
154.558894 325.647074
154.561965 325.115942
154.562181 322.109574
154.566200 322.014166
154.566660 321.898296
154.567860 321.698929
154.568312 321.695028
154.568553 321.665370
154.569431 321.452228
154.570011 321.175301
154.570129 321.143465
154.570132 321.095808
154.570660 321.088196
154.572009 319.614050
154.572110 319.543629
154.572176 319.416452
154.572177 317.827121
154.572724 316.929021
154.572792 316.154127
154.572837 313.063105
154.572838 309.722262
154.572846 294.958577
154.572853 288.460638
154.573005 278.012877
154.573417 277.497239
154.573453 275.201167
154.573467 275.195501
154.573474 275.164782
154.574422 274.737138
154.574502 274.394664
154.574858 274.076100
154.574870 273.928324
154.574877 273.630117
154.574938 273.627583
154.574984 273.627136
154.574985 273.627075
154.574994 273.564841
154.575000 273.562331
154.575000 273.560634
154.575024 273.471392
154.575042 272.846177
154.602196 272.805174
154.926792 272.749787
155.390903 272.681259
155.476112 272.438545
155.491086 272.299628
155.509510 272.213413
155.879053 272.165706
155.926371 272.156464
155.927127 272.146975
155.927221 272.130499
155.931100 272.130423
155.931900 272.130357
155.932607 272.130357
155.933671 272.130357
155.935156 272.130357
155.935513 272.129119
155.936272 272.128937
155.936277 272.128935
155.936387 272.128924
155.937419 272.127056
155.964181 272.110344
155.972384 272.110337
155.999425 272.110328
156.009543 272.098875
156.519316 272.079412
156.698603 272.079237
156.781887 272.079055
156.819052 272.076985
156.889420 272.072187
156.892329 271.761659
156.895339 271.742663
156.910505 271.192274
157.907550 270.538564
157.907567 270.485780
157.907587 270.445777
157.907589 270.431255
157.907897 270.312961
157.907900 270.238506
157.907937 270.201760
157.907941 270.156834
157.908510 270.138601
157.908568 270.133627
157.908585 270.091717
157.909110 270.089257
157.915163 269.229164
157.932359 268.033443
157.933820 267.840883
157.934074 267.518333
157.934433 267.441523
157.934615 266.829544
157.936960 266.673531
157.936993 264.418230
157.937069 264.400101
157.937154 264.362599
157.937155 264.285247
157.937156 264.281695
157.937157 264.037465
157.937177 263.423962
157.955589 224.389268
158.741637 219.424125
159.887825 211.919849
159.902999 210.139788
277.967698 70.404138
703.332806 39.330983
