1000.000000 2.000000
0.074518 999.210875
0.488518 998.387441
0.548639 997.923971
4.537239 995.467384
4.558825 995.454875
4.588752 995.452875
4.631384 995.368804
4.632658 994.860049
4.633138 994.684358
6.131455 994.647449
7.721709 994.076591
7.994275 991.450144
8.688059 991.124717
9.456351 991.028761
9.544223 990.969301
10.015797 989.594116
14.417033 989.086215
15.971585 988.672670
15.971642 988.661702
15.971865 988.655116
15.973050 988.648805
15.998021 988.648599
16.073849 988.646629
16.531819 988.270924
16.740760 987.861827
16.816905 987.406093
18.958749 987.171709
19.080441 987.128003
21.090942 986.902691
21.334319 986.820999
21.377653 986.644314
22.500502 986.642503
24.294321 986.603177
25.366526 986.448945
25.702813 986.444433
35.895981 986.420923
61.881051 986.296188
61.881151 986.241569
61.882332 986.208234
61.882333 986.207129
61.882362 986.205470
61.882418 986.204392
61.882421 986.203940
61.882423 986.203890
61.883810 986.182704
61.888065 986.161494
61.888872 986.122796
61.888874 986.119564
61.888879 986.109984
61.888882 986.078517
61.888891 986.062390
61.888913 986.052638
61.889459 986.042242
61.905517 986.033256
61.905571 986.028535
61.913913 986.026337
61.914594 986.025293
61.914680 986.024057
61.916449 986.007313
61.946840 985.931224
61.975260 985.177870
61.975897 985.134742
61.977052 985.134478
61.982136 984.937737
61.985490 984.847530
67.410735 984.833268
69.669232 984.814448
70.318605 984.695605
73.223665 984.482011
74.175048 984.473361
75.763884 984.469130
81.675456 984.377174
82.439904 984.293776
82.492229 983.479902
82.592333 983.312131
82.949885 982.990098
84.768921 982.582123
84.769266 982.565063
84.769953 982.560151
84.770041 982.447100
84.785532 982.329603
84.794420 982.309460
84.824150 982.282720
84.824172 982.262008
84.825125 982.258516
84.825560 982.248203
84.825613 982.247514
84.826158 982.229804
84.829854 982.225165
84.831902 982.218008
84.841489 982.215434
84.848018 982.207021
87.582946 982.182116
88.063124 982.009059
89.154727 981.983922
92.188005 981.891313
93.594587 981.861101
99.328712 981.857944
104.518883 981.857217
105.604320 981.856874
107.277932 981.646365
107.283737 981.646173
107.327774 981.645531
107.337892 981.644868
107.437048 981.644814
107.440319 981.644673
107.450953 981.644528
107.452603 981.644089
107.455085 981.643896
107.456609 981.634262
107.461981 981.622626
107.463703 981.609611
107.470640 981.599787
107.484561 981.595695
107.549058 981.548603
107.602731 981.547997
107.651757 981.533244
107.676081 981.517423
107.694161 981.511237
107.879610 981.497152
107.944362 981.440733
108.036045 981.440287
108.132813 981.437432
108.382226 981.414290
108.453629 981.413998
108.544757 981.413718
108.651511 981.397762
108.658759 981.397294
108.661189 981.397099
108.662824 981.396951
108.666944 981.396859
108.668236 981.396731
108.685933 981.396169
109.181206 981.391283
109.186485 981.391036
109.333907 981.390111
109.410646 981.345206
109.434329 981.269167
109.468668 981.246112
111.315763 981.117460
111.862800 979.337123
112.712407 979.048186
113.032241 979.047700
113.037262 979.037845
113.237472 979.036368
113.250898 979.035204
113.274013 979.035048
113.508720 979.032210
115.022492 979.020492
115.743221 978.908090
116.154468 978.728152
116.207990 978.656534
116.394719 978.633579
116.403382 978.628697
116.405476 978.628670
116.436052 978.593677
116.797460 978.581716
116.915348 978.506344
117.272615 978.350778
117.830550 978.274808
117.932061 978.261946
118.021047 978.233650
118.023618 978.225678
118.058549 978.223731
118.095799 978.217623
118.135708 978.216231
118.179489 978.194343
118.189897 978.165353
118.196444 977.905837
118.631014 977.767765
118.668453 977.722591
118.668491 977.719513
118.668607 977.716567
118.676712 977.709298
118.975035 977.660437
119.133490 977.655751
119.224598 977.346745
120.165400 977.143913
120.578478 977.106386
120.578674 977.105882
120.580716 977.098598
120.585220 977.098493
120.585503 977.098452
120.594093 977.098444
120.651772 977.098042
120.707562 977.063758
120.744647 977.052470
120.985406 977.028774
122.441509 977.021009
122.573536 977.000060
122.574208 976.994874
122.575533 976.987401
122.624577 976.974821
122.710587 976.914585
123.410721 976.610056
123.753412 976.402571
123.864027 976.399890
123.864412 976.399076
123.865538 976.398019
124.106288 975.687365
124.352788 975.571363
124.924336 975.541293
128.159125 974.669590
133.342104 973.844568
135.401230 972.833273
136.869064 972.668587
139.272652 972.632270
139.558833 972.622813
140.935249 972.622613
141.125733 972.622590
141.706330 972.621976
147.492401 972.507299
147.608513 972.504719
152.648042 972.504455
153.152824 972.500749
153.668913 972.499436
153.725987 972.499408
154.454302 972.499370
154.509934 972.499351
154.586216 972.499234
154.659777 972.499008
154.699331 972.498122
154.740565 972.497570
155.630683 972.496199
157.446803 972.495531
158.775198 972.494628
159.498248 972.494550
159.699486 972.494416
159.747443 972.491759
160.060548 972.440424
160.449907 972.344877
160.476378 972.321833
160.477002 972.321814
160.479473 972.321812
160.484130 972.321796
160.529786 972.320103
160.565392 972.318273
162.600386 972.077726
163.242903 972.039073
163.257799 971.938889
163.265580 971.523379
163.294584 970.532630
163.303702 970.525627
163.303964 970.522609
163.303999 970.522348
163.304216 970.521928
163.304293 970.514930
163.304330 970.514900
163.304429 970.510785
163.304876 970.496381
163.304961 970.496148
163.304977 970.495982
163.305015 970.495853
163.305284 970.495848
163.305595 970.495653
163.305678 970.495643
163.305694 970.495639
163.305696 970.495618
163.305698 970.495617
163.305699 970.495608
163.305844 970.495598
163.305895 970.495586
163.305937 970.495560
163.305981 970.495544
163.306045 970.490928
163.306050 970.488755
163.306050 970.483150
163.306061 970.482423
163.306063 970.480999
163.306066 970.469476
163.306227 970.469124
163.306313 970.468805
163.306360 970.467981
163.306360 970.467758
163.306360 970.467657
163.306363 970.466686
163.306373 970.457501
163.306393 970.457253
163.306398 970.457159
163.306399 970.455104
163.306399 970.454836
163.306399 970.454753
163.306399 970.454748
163.306399 970.454074
163.306401 970.454018
163.306402 970.454017
163.306403 970.454015
163.306404 970.454014
163.306410 970.454013
163.306414 970.453190
163.306430 970.452713
163.306466 970.450975
163.306475 970.450894
163.306483 970.450822
163.306487 970.450779
163.306606 970.450771
163.306616 970.450193
163.306787 970.449243
163.306789 970.448241
163.306789 970.447668
163.306793 970.447584
163.306880 970.445245
163.306922 970.444739
163.306929 970.444737
163.306930 970.444420
163.306941 970.444266
163.306943 970.444075
163.306943 970.443950
163.306944 970.443943
163.308068 970.443182
163.308404 970.442161
163.308855 970.442148
163.309499 970.441470
163.309688 970.441448
163.309866 970.441393
163.309916 970.441377
163.309961 970.441134
163.310691 970.411645
163.311815 970.408662
163.311884 970.408630
163.312183 970.408562
163.313232 970.316114
163.313699 970.278684
163.313804 969.804172
163.313891 969.673380
163.313922 968.329842
163.313924 968.308362
163.314030 968.301560
163.314481 968.203955
163.314538 967.890099
163.316781 967.441954
163.316825 967.441485
163.316829 967.372834
163.316840 967.343533
163.317701 967.188891
163.318403 967.153892
163.318954 967.020303
163.319647 966.108015
163.319807 966.107854
163.320409 966.106073
163.320427 966.101942
163.320468 966.101241
163.320470 966.101236
163.320474 966.101223
163.320494 966.100907
163.320496 966.100906
163.320497 966.100905
163.320571 966.086387
163.320620 965.859842
163.321116 963.521885
163.321198 963.291193
163.321201 962.857257
163.321268 961.274743
163.321279 960.421141
163.321303 959.701541
163.321311 959.615416
163.321367 959.567873
163.321446 959.553985
163.321446 959.505555
163.323203 959.377140
163.326012 959.235191
163.326137 959.113766
163.326632 958.892772
163.328335 958.839698
163.328335 958.832670
163.328335 958.832103
163.328335 958.831138
163.328336 958.831117
163.328337 958.826317
163.328337 958.822383
163.328907 958.816350
163.328907 958.815738
163.328953 958.815411
163.329118 958.814868
163.329150 958.814697
163.334892 958.796260
163.334997 958.796200
163.336419 958.795840
163.336617 958.795719
163.336651 958.795392
163.337790 958.795287
163.338153 958.795161
163.338366 958.794429
163.338830 958.794427
163.339498 958.794415
163.340467 958.794414
163.340557 958.794350
163.341086 958.794251
163.341819 958.794245
163.342534 958.794243
163.342707 958.794226
163.342869 958.794226
163.342934 958.794226
163.342953 958.794224
163.349003 958.788265
163.349195 958.785476
163.349226 958.784403
163.349239 958.784252
163.349315 958.781242
163.349316 958.781237
163.349317 958.781183
163.349320 958.781121
163.349342 958.780958
163.349347 958.780681
163.352102 957.853293
163.352639 957.797723
163.353287 957.753897
163.355813 957.654436
163.356050 957.112608
163.356319 957.085303
163.358686 956.996915
163.359500 956.995339
163.366632 956.958292
163.368234 956.935790
163.368255 956.921093
163.371479 956.810694
163.372143 956.800781
163.372765 956.789422
163.372960 956.743728
163.373120 956.719978
163.373730 956.716762
163.373732 956.713084
163.373732 956.671357
163.373733 956.671314
163.373733 956.667977
163.373738 956.665086
163.373738 956.568804
163.373738 956.555678
163.373738 956.504222
163.373739 956.139776
163.373747 955.956885
163.373749 955.944375
163.373750 955.909813
163.373750 955.835572
163.373750 955.832941
163.373751 955.789645
163.373751 955.777266
163.373756 955.594264
163.373761 955.576831
163.373775 955.528821
163.373777 955.523583
163.373779 955.517332
163.373780 955.512168
163.374197 955.465260
163.374788 955.453344
163.375112 955.417848
163.375239 955.341504
163.375469 955.330056
163.375509 955.328448
163.375580 955.246349
163.377001 955.056735
163.379522 953.397477
163.380494 953.104341
163.380900 952.987051
163.381228 952.984731
163.382798 952.984649
163.383575 952.975628
163.385236 952.681694
163.386217 952.606795
163.386419 952.559778
163.386550 952.559701
163.386685 952.559119
163.386733 952.558989
163.387661 952.550891
163.388194 952.521295
163.388307 952.509837
163.393256 952.450199
163.416588 952.318602
163.416881 951.494380
163.417587 951.476452
163.417631 951.135399
163.417723 951.042683
163.417756 951.033005
163.417759 951.025368
163.417783 951.024526
163.417784 951.019762
163.417787 951.016634
163.417794 950.993502
163.417848 950.827449
163.417976 950.813244
163.417976 950.810691
163.417976 950.807789
163.417979 950.807024
163.417979 950.807020
163.417979 950.806893
163.417979 950.806841
163.417981 950.806839
163.417985 950.806552
163.418020 950.796029
163.418020 950.796017
163.418027 950.794875
163.418036 950.791470
163.418037 950.789433
163.418037 950.787019
163.418044 950.770395
163.418203 950.739061
163.418237 950.738266
163.418267 950.737691
163.418272 950.736193
163.418311 950.734505
163.418390 950.733361
163.419288 950.553894
163.419291 950.549908
163.419300 950.549263
163.419317 950.531780
163.419346 950.489260
163.419370 950.481798
163.419384 950.471706
163.419384 950.469388
163.419384 950.466646
163.419384 950.465525
163.419384 950.439290
163.419392 950.439179
163.419404 950.438600
163.419406 950.437398
163.419406 950.436709
163.419508 950.436217
163.419546 950.435557
163.419549 950.435452
163.419550 950.435439
163.419551 950.435384
163.419555 950.434966
163.419558 950.434460
163.419683 950.425594
163.419688 950.395726
163.419783 950.394974
163.419786 950.394958
163.419786 950.394890
163.419802 950.394402
163.419808 950.393511
163.419811 950.389771
163.419818 950.378601
163.419877 950.358334
163.419921 950.339308
163.420163 950.339299
163.420209 950.339290
163.420259 950.339150
163.420475 950.339128
163.420666 950.339125
163.421277 950.339122
163.421553 950.339025
163.422783 950.338665
163.422822 950.337410
163.422949 950.337122
163.423602 950.335774
163.423930 950.335634
163.423966 950.335119
163.424002 950.334258
163.424201 950.334142
163.424496 950.333843
163.424573 950.333486
163.425111 950.332735
163.425211 950.332611
163.425285 950.322455
163.425290 950.321772
163.425291 950.319145
163.425293 950.315754
163.425311 950.314898
163.425325 950.314603
163.425338 950.314596
163.425338 950.314511
163.425353 950.314384
163.425358 950.313159
163.425516 950.287732
163.425528 950.287518
163.425537 950.286757
163.425537 950.286752
163.425537 950.286709
163.425538 950.286527
163.425541 950.286270
163.425543 950.285912
163.425562 950.285796
163.425656 950.285753
163.425658 950.285650
163.425659 950.285510
163.425660 950.275974
163.425660 950.273395
163.425660 950.271356
163.425670 950.236672
163.425676 950.226762
163.425701 950.221209
163.425729 950.194435
163.425750 950.185762
163.425823 950.182574
163.425856 950.161483
163.425955 950.132289
163.427291 949.982621
163.427375 945.771437
163.427773 944.745028
163.427961 944.078873
163.432113 943.534113
163.432364 943.284672
163.432734 943.060902
163.433181 942.981037
163.437653 942.551164
163.443668 942.254011
163.444210 942.175820
163.444529 942.150585
163.448478 941.829583
163.547609 935.579839
163.790578 928.854213
209.562399 928.809061
260.162991 928.807538
266.803343 928.798124
267.007459 928.768539
273.896830 928.764192
274.438063 928.728891
281.742098 928.716087
282.865394 928.688578
284.870928 928.681585
284.892450 928.681583
285.127740 928.681582
285.501939 928.681582
285.698257 928.681582
286.133121 928.681581
286.710180 928.681581
289.008864 928.676610
296.724308 928.592844
297.631726 927.355360
304.712419 927.239161
305.444449 927.228114
353.364806 926.917599
353.371592 926.917525
353.375649 926.916499
353.382023 926.916091
353.383400 926.914330
353.385584 926.913348
353.449189 926.906591
353.466059 926.905819
366.757954 926.902998
366.829513 926.899340
368.470644 926.898491
374.392745 926.897213
433.266095 926.416621
440.024903 926.404732
452.188363 926.394524
456.743316 926.394062
460.843791 926.391990
515.058827 926.377248
524.853065 926.373739
534.290884 926.373689
545.456517 926.373608
548.240649 926.373482
548.851980 926.373450
549.642610 926.373373
556.446884 926.372459
559.466054 925.732709
559.470539 925.732493
559.647728 925.732238
559.686690 925.732226
559.798608 925.732135
561.212447 925.732033
562.153463 925.732005
564.519346 925.732000
565.166460 925.731834
565.302216 925.731657
578.022600 925.730603
578.534663 925.729666
582.049543 925.723168
583.622708 925.720240
644.538447 925.501348
658.162007 925.482920
671.751293 925.453766
673.759190 925.443605
686.251414 925.333510
686.734279 925.313127
690.796382 925.303543
693.255944 925.285714
695.271380 925.281903
697.383105 925.270894
697.779564 925.268571
697.797911 925.268571
697.841256 925.268571
697.933589 925.268569
698.193574 925.268559
700.254485 925.181976
700.257855 925.163876
700.278787 925.153572
700.290597 925.153432
700.296831 925.153428
700.322936 925.153297
700.324950 925.143424
700.382452 925.139127
700.415771 925.138809
700.416206 925.136771
700.421237 925.136663
700.423005 925.136574
700.431760 925.133824
700.484940 925.132706
700.527415 925.130312
700.547558 925.130017
700.986098 925.128379
700.999471 925.128028
701.000557 925.127669
701.157694 925.116537
701.172804 925.092878
701.203230 925.092777
701.208513 925.092399
701.209451 925.092183
701.418324 925.091714
701.418903 925.091641
701.425078 925.090698
701.426884 925.090559
701.428472 925.090466
701.429969 925.090405
701.430761 925.090398
701.430883 925.090356
701.433176 925.090355
701.435088 925.090352
701.436254 925.090349
701.440015 925.090345
701.443725 925.090314
701.443974 925.090300
701.445715 925.090298
701.451523 925.090236
701.483149 925.090216
701.489739 925.090188
701.501746 925.090152
701.514350 925.090138
701.530069 925.090035
701.530383 925.090011
701.530766 925.090006
701.530917 925.090004
701.537824 925.089995
701.791573 925.046806
701.837262 924.863686
701.852984 924.863649
701.854354 924.863532
701.869097 924.863455
701.917196 924.863431
702.327449 924.862791
702.378201 924.854301
702.741129 924.838498
702.990861 924.828816
704.190664 924.822224
704.284293 924.819874
704.399842 924.812081
705.451345 924.700465
705.595322 924.691279
706.104126 924.689721
706.173853 924.682601
706.216130 924.682598
706.216130 924.682531
706.216130 924.682181
706.216131 924.682180
706.216131 924.682179
706.747839 924.681795
706.872548 924.681679
706.940974 924.680791
706.952334 924.672822
706.975530 924.672506
706.982405 924.672486
707.136803 924.658259
707.181500 924.657426
707.189901 924.652973
707.513537 924.632407
707.582317 924.616121
707.609349 924.608205
707.726768 924.596992
707.914071 924.574653
707.920673 924.524927
707.970441 924.520039
708.022943 924.503822
708.078271 924.477309
709.170392 924.237419
709.439108 924.101944
709.651461 924.081399
709.901181 924.079277
710.130418 924.071690
710.217556 924.063060
710.217748 924.060791
710.218699 924.060650
710.218918 924.060500
710.218941 924.060442
710.218944 924.060441
710.218950 924.060440
710.218972 924.060418
710.219006 924.060408
710.219014 924.060389
710.219944 924.060006
710.220638 924.059758
710.220874 924.059584
710.220881 924.059551
710.220882 924.059496
710.220891 924.059400
710.220921 924.059399
710.220986 924.059396
710.221065 924.059376
710.221138 924.059369
710.221214 924.059366
710.221218 924.059307
710.221248 924.059303
710.221267 924.059300
710.221267 924.059300
710.221271 924.059299
710.221568 924.059265
710.221651 924.059258
710.221669 924.059256
710.221679 924.059233
710.221688 924.059222
710.221723 924.059210
710.798318 924.058351
710.799258 924.058124
710.824710 924.058019
710.846758 924.057041
710.981243 924.054469
710.982824 923.908574
710.984077 923.908165
711.543370 923.895103
712.148866 923.893936
713.713909 923.892096
714.128220 923.874290
714.130493 923.872831
714.156354 923.862109
714.212608 923.861303
714.268123 923.860500
714.281604 923.857367
714.329897 923.852160
715.214828 923.847963
715.221021 923.842749
715.241883 923.809303
715.285703 923.809167
715.290568 923.809134
715.314159 923.809129
715.483793 923.808606
715.531837 923.808276
715.546293 923.806154
715.548840 923.805453
716.678984 923.804439
716.843800 923.802607
728.004541 923.069252
730.071422 920.856419
749.302053 919.768642
749.320599 918.857356
805.494028 917.218555
806.808890 815.535551
814.753557 805.974294
835.944448 801.777198
846.584569 801.701237
853.683205 788.338536
853.769628 779.660022
853.852698 775.822021
856.241861 769.744435
875.043985 755.865504
875.262614 755.641956
875.338932 754.175221
875.749497 750.680523
876.941960 748.789201
876.955467 745.573465
877.034615 744.724656
877.047261 741.399270
877.048524 741.351193
877.050699 741.282847
877.051739 741.216681
877.073897 741.184336
877.074112 741.184259
877.074651 741.183332
877.075117 741.182239
877.075490 741.181847
877.084689 741.178620
877.084872 741.175277
877.085795 741.076357
877.086038 741.000064
877.088434 740.058279
877.091763 740.053182
877.096275 740.051097
877.102860 739.963721
877.114420 738.283919
877.172927 734.750510
877.172949 734.656800
877.172951 734.651857
877.172964 734.640657
877.173059 734.274834
877.173063 734.251439
877.173064 734.217144
877.173065 734.204695
877.173066 734.163431
877.173067 734.029751
878.242894 730.062278
878.422117 728.711302
878.585066 725.898589
878.611829 725.895556
878.612013 725.890812
878.612310 725.890515
878.613124 725.834654
878.628550 725.833926
878.628711 725.833884
878.628763 725.833859
878.628803 725.833781
878.628825 725.833647
878.646286 725.827149
878.647663 725.671133
878.699781 725.637651
881.350749 724.917652
881.378876 724.789615
882.806691 724.787434
883.376779 724.785062
883.505585 724.763080
883.535431 724.761214
883.549326 724.761106
883.566899 724.760697
883.581836 724.758321
883.588322 724.755555
883.590196 724.753112
883.599923 724.752723
883.601079 724.752184
883.612055 724.751870
883.613293 724.751270
883.615759 724.748715
883.619271 724.746953
885.383404 724.724116
885.641402 724.722109
885.845275 724.722069
886.181820 724.722030
886.363365 724.715512
886.651406 724.713170
886.915781 724.691867
886.926321 724.561185
886.926378 724.552646
887.164726 724.514922
887.291696 723.821335
888.012877 717.980020
890.733922 717.258757
890.807714 717.206727
891.945217 716.834853
893.818925 714.213775
893.868214 713.998500
894.201143 712.867513
894.384790 712.623256
894.765553 711.870171
895.692647 711.860605
895.871144 711.849855
896.493621 711.847480
896.526632 711.840328
898.333285 711.471320
902.983575 700.978157
903.992381 700.975536
904.552185 700.777948
905.013543 700.684808
905.152267 699.700575
905.552663 697.398098
905.587685 697.372696
905.631463 697.350530
905.656465 697.319548
905.685477 696.169915
905.687385 692.587723
905.718910 692.571262
905.757877 692.534460
905.799600 692.513843
905.802144 692.107478
905.806213 692.026848
905.857139 691.922590
905.861199 691.823288
905.863095 691.806142
905.943438 691.538621
905.944529 691.376321
905.960694 691.346691
905.962669 691.068597
905.990242 691.017293
905.992813 691.009866
905.993619 690.984031
906.009025 690.913300
906.212630 690.880918
906.243875 690.816916
906.353349 689.335090
906.571755 688.892949
906.694750 688.875340
906.969582 688.625755
907.184152 688.435194
910.514024 605.022173
910.530889 602.874008
910.537772 602.751018
910.540415 602.741802
910.554996 601.613150
911.142351 600.557641
911.287484 580.544238
911.626788 580.265660
912.059673 579.370744
912.208878 577.847527
913.583071 562.779972
913.588244 561.412945
914.268049 560.807383
914.527803 559.574076
914.898220 555.322823
915.298968 549.789367
915.414311 549.434400
915.823098 549.382726
917.072135 539.463109
924.438011 535.979674
938.548428 531.789442
942.418786 454.203221
948.032148 446.893876
949.114990 189.365916
974.265698 142.897247
980.955442 137.432285
981.186189 135.833707
985.778492 133.177405
987.446455 131.077845
993.152068 116.922765
995.215177 75.000822
