1000.000000 2.000000
0.017584 999.913714
0.274113 998.931423
0.335889 997.020851
0.419416 997.017182
0.473133 996.668356
0.488695 996.517009
0.490988 996.259356
0.623706 992.874310
0.654832 992.696277
1.046726 992.326953
1.182211 987.967299
1.215013 983.357992
1.217073 982.875127
1.217517 982.453215
1.241502 982.068914
1.294591 981.550902
1.453938 979.389471
1.652510 979.104551
1.663524 971.752171
1.971818 963.913406
1.987026 955.842573
1.989475 954.684171
1.989541 954.528222
1.989843 954.303854
1.990078 954.003213
1.990728 953.493544
1.992646 929.945798
1.997806 927.960098
1.997955 908.078582
1.998252 904.020443
2.010525 901.478085
2.032204 883.109908
2.039428 881.966694
2.048713 880.346479
2.064917 855.289389
2.066811 784.997688
2.143930 751.902025
2.168894 751.245981
2.477611 669.674525
2.531179 612.533320
2.540419 612.306948
2.540827 612.282736
2.541459 612.232200
2.542868 611.969310
2.543568 611.090560
2.544130 607.038783
2.549818 606.276967
2.549931 593.890240
2.553643 590.531138
2.555447 590.055432
2.583603 589.474670
2.625247 589.235652
2.643851 588.834112
2.650792 588.828490
2.691521 588.820119
2.699771 588.816452
2.737329 588.767628
3.089347 584.046448
3.119695 583.452412
3.181869 583.389020
3.226332 583.267360
3.232316 583.256269
3.236368 583.246602
3.488519 583.207172
3.664936 583.181228
3.690142 583.142373
3.700792 583.083062
3.704611 583.058147
3.706104 583.015242
3.708651 583.006991
3.712432 582.962456
4.338338 582.848126
4.588553 582.726110
4.705479 582.623439
4.891819 579.522154
4.907367 578.895237
4.956111 578.845649
4.958901 578.841942
4.963478 578.841931
4.963680 578.841463
4.978544 578.840507
5.069995 578.804936
5.109505 578.801795
5.121607 578.794075
5.130606 578.787180
5.163147 578.754480
5.214698 578.686447
5.216232 578.683977
5.217218 578.629941
5.218002 578.517400
5.219266 578.362595
5.219568 578.357995
5.219624 578.342320
5.219822 578.333457
5.237458 578.303726
5.243026 578.064826
5.260985 573.378308
5.262746 569.911049
5.265290 569.538972
5.268767 569.512816
5.276768 569.512626
5.276768 569.512626
5.276769 569.512625
5.276770 569.512617
5.276777 569.512599
5.276817 569.512587
5.276831 569.512577
5.278116 569.512518
5.278143 569.512507
5.278148 569.512468
5.278160 569.512461
5.278161 569.512459
5.278161 569.512448
5.278162 569.512447
5.278164 569.512446
5.278165 569.512444
5.278189 569.511826
5.279151 569.511808
5.279247 569.511803
5.279277 569.511801
5.279277 569.511798
5.279288 569.511798
5.279292 569.511798
5.279303 569.511798
5.279688 569.511777
5.279736 569.511769
5.281094 569.511751
5.281727 569.511750
5.281768 569.511749
5.282082 569.511745
5.282357 569.511728
5.283772 569.511727
5.283818 569.511724
5.283864 569.511720
5.283881 569.511720
5.312856 569.511417
5.312856 569.511416
5.312857 569.511415
5.312858 569.511400
5.312858 569.511381
5.312859 569.511236
5.312862 569.511211
5.312862 569.511206
5.312862 569.511202
5.312862 569.511190
5.312862 569.511078
5.312913 569.511077
5.313002 569.511077
5.313018 569.511073
5.313049 569.511073
5.313403 569.511073
5.313467 569.511072
5.313878 569.511072
5.314123 569.511062
5.314783 569.510991
5.318732 569.510873
5.322920 569.510205
5.323667 569.509498
5.323747 569.509475
5.324403 569.509282
5.324538 569.508864
5.324610 569.508503
5.325047 569.507886
5.325602 569.507837
5.326555 569.506945
5.327154 569.505758
5.327158 569.505695
5.327175 569.505536
5.327180 569.505477
5.327205 569.505219
5.327238 569.505197
5.327239 569.505196
5.327239 569.505195
5.327265 569.505184
5.327265 569.505184
5.327265 569.505183
5.327265 569.505182
5.327265 569.505182
5.327272 569.505139
5.327279 569.505124
5.327282 569.505078
5.327286 569.505054
5.327299 569.505044
5.327301 569.505044
5.327304 569.505044
5.327325 569.505044
5.327340 569.505044
5.327354 569.505044
5.327374 569.505044
5.327518 569.505044
5.327587 569.505044
5.327596 569.505044
5.327633 569.505043
5.327821 569.505043
5.327913 569.505042
5.328018 569.505042
5.328073 569.505042
5.329524 569.505042
5.329543 569.505042
5.329561 569.505042
5.329563 569.505042
5.329902 569.505042
5.330060 569.505042
5.330075 569.505042
5.330149 569.505042
5.330232 569.505042
5.330309 569.505042
5.330328 569.505042
5.330328 569.505042
5.330471 569.505042
5.330473 569.505042
5.330507 569.505042
5.330592 569.505042
5.330828 569.241636
5.331027 569.123075
5.331058 569.015310
5.331332 568.694945
5.331413 568.689809
5.331415 568.689516
5.331462 568.688603
5.332606 568.606745
5.332668 568.495555
5.334084 568.478611
5.334141 568.324936
5.393119 567.813422
5.393156 567.282329
5.393174 567.209440
5.397577 566.325053
5.474213 563.822885
5.474226 560.979435
5.474297 559.420060
5.505585 559.326938
5.523225 559.230381
5.528160 559.219961
5.542692 559.157395
5.544078 559.157210
5.549381 559.157188
5.550717 559.153269
5.563803 559.148752
5.574109 559.147064
5.640430 559.121255
5.645892 559.118273
5.660835 559.115739
5.665457 559.114837
5.666148 559.114805
5.666167 559.105226
5.666171 559.099558
5.666205 559.092102
5.666253 559.077620
5.667137 559.032610
5.667744 559.021459
5.764529 558.988452
5.770444 558.987083
5.771608 558.984949
5.774500 558.533148
5.784006 558.502080
5.785963 558.382889
5.786123 558.381007
5.786128 558.379880
5.786328 558.377118
5.786443 558.376953
5.786924 558.368231
5.786949 558.355820
5.787191 558.300040
5.787260 558.069845
5.787444 557.986839
5.787560 557.931425
5.788718 557.840265
5.802333 557.633184
5.807014 557.153094
5.809077 557.012967
5.852294 556.964536
5.935347 556.359679
5.935966 556.053499
5.992271 555.909770
6.011136 555.872972
6.017229 554.161630
6.059036 552.900097
6.089478 552.853951
6.091354 552.796846
6.109981 552.788442
6.111622 552.587836
6.112857 552.574234
6.112932 552.573683
6.115354 552.570743
6.124289 552.560188
6.128965 552.301262
6.130017 552.081807
6.132635 551.966781
6.133263 551.257342
6.133414 550.174985
6.134136 550.005512
6.137487 549.699723
6.137959 548.230607
6.154338 547.939473
6.154354 547.677999
6.161856 547.355848
6.163660 547.352216
6.175050 547.264025
6.175332 547.242067
6.175865 547.212588
6.249373 547.160782
6.311897 547.159765
6.319712 547.111097
6.339562 546.846999
6.343614 546.846869
6.343656 546.831045
6.344054 546.824354
6.346676 546.808445
6.346784 546.807898
6.346819 546.807688
6.348152 546.807584
6.348655 546.807041
6.375085 546.800133
6.375158 546.799977
6.375257 546.799954
6.375263 546.797594
6.375268 546.797549
6.375277 546.795806
6.375412 546.788134
6.377775 546.752133
6.393452 546.633997
6.437638 546.456699
6.439957 546.410567
6.441146 546.385840
6.442965 546.376457
6.443157 546.357618
6.445233 546.353186
6.448775 546.085619
6.449416 546.050999
6.451031 546.021019
6.451401 545.991703
6.455105 545.991693
6.456858 545.991543
6.457115 545.991263
6.457513 545.991207
6.459661 545.981513
6.463847 540.936258
6.473826 537.238627
6.752085 534.130455
6.752618 533.906808
6.752832 533.641313
6.755217 533.592778
6.756532 533.549567
6.756613 533.546182
6.756830 533.530364
6.799943 522.574529
6.805969 520.520720
6.805986 520.520282
6.805988 520.520124
6.806454 520.516165
6.806876 520.467950
6.806880 520.466177
6.806884 520.448592
6.806899 520.432818
6.806931 520.427132
6.806954 520.410197
6.806996 519.695870
6.807033 515.978173
6.807099 515.783627
6.812681 490.999342
6.816190 464.959445
6.816272 445.640402
6.818045 437.001751
6.823885 436.809817
6.825357 435.705161
6.825468 435.672102
6.825885 435.642570
6.827200 434.042817
6.827271 433.694310
6.833624 433.677673
6.835190 433.644155
6.837223 433.518486
6.837363 433.516286
6.837372 433.514998
6.838287 433.487116
6.840209 433.441197
6.840232 432.825926
6.840238 432.795704
6.840248 432.493595
6.840253 431.962416
6.840254 431.915832
6.840262 430.818738
6.840272 429.951666
6.840273 428.710792
6.840331 428.685791
6.840372 428.682359
6.840760 428.608870
6.840761 428.606211
6.840769 427.414658
6.840771 427.113117
6.840775 427.044839
6.840780 427.020223
6.840784 427.007864
6.840798 426.938683
7.259654 420.626417
7.379941 419.508575
7.565878 419.043216
7.753160 418.550055
8.383664 408.711773
8.413479 407.774099
8.469704 401.294337
8.612995 399.924230
8.772973 398.127505
8.785818 397.932138
8.874964 397.620161
8.981007 397.371563
9.196077 397.232349
9.198769 396.358522
9.216756 395.359451
9.236497 395.062825
9.295149 394.943721
9.708450 394.714445
9.795707 394.103526
10.095054 393.744995
10.151058 393.680036
10.220325 393.664814
10.536888 393.664395
10.586988 393.662612
10.707740 393.662239
10.745780 393.659766
10.785757 393.658407
10.848001 393.654898
10.849756 393.605188
10.853622 393.600041
10.854328 393.542445
10.858265 388.672471
10.859475 387.248322
10.859956 374.401438
10.861222 368.151535
10.944787 368.009749
10.959440 367.945638
10.964621 367.700037
10.967002 367.665490
10.973829 367.638846
10.974162 367.638778
10.977275 367.595231
10.982269 366.987645
10.986926 366.913394
10.994662 365.879707
10.996734 365.749577
10.998839 365.747681
11.015282 365.696211
11.016876 365.674607
11.017371 365.573947
11.045927 365.490177
11.087919 365.398791
11.124027 365.289366
11.153974 365.114496
11.182175 365.113054
11.184409 365.110329
11.209473 365.109563
11.210114 365.102973
11.227509 307.503500
14.704722 307.485271
14.807753 307.473097
15.179215 307.446712
15.971273 307.269900
15.974496 307.267460
15.983202 307.256717
15.995907 307.256669
16.001061 307.254691
16.002599 307.254487
16.012824 307.254307
16.013949 307.254019
16.023094 307.253995
16.032022 307.253423
16.032294 307.253406
16.032469 307.253216
16.033736 307.252726
16.033817 307.252686
16.033819 307.252119
16.041051 307.249532
16.597262 307.217396
16.634956 307.211316
16.978605 307.209945
17.054170 307.196697
17.260451 307.170695
17.677517 306.500959
17.677721 306.493245
17.677728 306.493102
17.677733 306.493061
17.677739 306.476282
17.677747 306.460030
17.677747 306.458709
17.677747 306.452726
17.677747 306.451102
17.677748 306.450910
17.677748 306.450275
17.677748 306.450269
17.677748 306.450222
17.677749 306.449207
17.679241 306.228992
17.683105 306.227252
17.685746 306.220370
17.685750 306.214098
17.685766 306.116078
17.686865 305.980203
17.686932 305.716232
17.686967 305.692748
17.687382 305.629519
17.688296 305.591121
17.689010 305.419903
17.692051 305.224669
17.693388 305.049134
17.721684 304.642044
34.586201 304.228148
40.664565 278.334176
40.711146 278.332270
40.711177 278.332266
40.711180 278.332266
40.711184 278.332266
40.711199 278.332254
40.711214 278.332219
40.711436 278.332218
40.711525 278.332218
40.711538 278.332217
40.711564 278.332214
40.711565 278.332213
40.711576 278.332213
40.711719 278.332212
40.711752 278.332212
40.711805 278.332142
40.712656 278.332136
40.713808 278.332099
40.714103 278.332059
40.714170 278.331933
40.714496 278.331097
40.714722 278.331050
40.714726 278.331033
40.714799 278.330995
40.714827 278.322373
40.714961 278.321950
40.715042 278.321448
40.715166 278.320446
40.715262 278.319495
40.715264 278.319351
40.715423 278.319340
40.715427 278.318910
40.715490 278.318601
40.715561 278.318248
40.715561 278.318244
40.715561 278.318240
40.715561 278.317533
40.715562 278.317522
40.715562 278.317522
40.715564 278.317521
40.715566 278.317518
40.715566 278.317469
40.715568 278.317458
40.715570 278.317450
40.715572 278.317450
40.715573 278.317449
40.715573 278.317449
40.715577 278.317424
40.715581 278.317402
40.715583 278.317392
40.715585 278.317381
40.715585 278.317333
40.715586 278.317308
40.715586 278.317292
40.715587 278.317193
40.715678 278.317007
40.715688 278.316871
40.715696 278.316771
40.715708 278.316559
40.715724 278.316555
40.715724 278.316555
40.715725 278.316555
40.715725 278.316554
40.715725 278.316554
40.715725 278.316554
40.715725 278.316554
40.715725 278.316554
40.715725 278.316554
40.715725 278.316554
40.715725 278.316554
40.715726 278.316554
40.715726 278.316554
40.715756 278.316554
40.715763 278.316553
40.715766 278.316552
40.715769 278.316544
40.715773 278.316538
40.715773 278.316521
40.715773 278.316518
40.715773 278.316517
40.715773 278.316514
40.715775 278.316512
40.715775 278.316505
40.715775 278.316500
40.715775 278.316497
40.715790 278.316490
40.715798 278.316474
40.715817 278.316462
40.715848 278.316460
40.715852 278.316456
40.715856 278.316439
40.716094 278.316418
40.716098 278.316406
40.716101 278.316399
40.716114 278.316392
40.716207 278.316373
40.716225 278.316370
40.716250 278.316363
40.718489 278.316362
40.718912 278.316362
40.718972 278.316362
40.725703 278.316361
40.728254 278.316246
40.728624 278.316239
40.728807 278.316098
40.728860 278.316082
40.729221 278.316081
40.729281 278.316080
40.729286 278.316031
40.729291 278.315873
40.729291 278.315101
40.729291 278.315056
40.730124 278.314648
40.731487 278.314272
40.742474 278.289861
40.746539 278.286288
40.747770 278.286286
40.747883 278.286285
40.748028 278.286285
40.748330 278.286283
40.749105 278.278970
40.749710 278.278750
40.749917 278.269099
40.750607 278.268912
40.750739 278.268168
40.750767 278.267999
40.750834 278.263921
40.750943 278.259252
40.751088 278.257200
40.760032 278.257090
40.760203 278.255876
40.763199 278.253691
40.763592 278.252286
40.763608 278.252265
40.763612 278.250887
40.763613 278.250887
40.763619 278.250880
40.763619 278.250876
40.763619 278.250876
40.763619 278.250876
40.763619 278.250876
40.763619 278.250875
40.763627 278.250800
40.773835 278.246562
40.787433 278.244302
40.788225 278.243625
40.802043 278.240253
40.803202 278.236372
40.810052 278.236295
40.811244 278.235134
40.811399 278.235070
40.812062 278.232718
40.814185 278.232350
40.815293 278.231366
40.815304 278.231365
40.815319 278.231363
40.815405 278.231359
40.816586 278.231358
40.818433 278.231357
40.819293 278.231356
40.823399 278.231353
40.823414 278.231238
40.823419 278.231222
40.823582 278.231210
40.823668 278.231177
40.823723 278.231152
40.825965 278.230536
40.826365 278.228430
40.828119 278.227328
40.831116 278.167511
40.831128 278.136835
40.831207 278.035766
40.831390 277.907487
40.831697 277.835080
40.834978 276.206473
40.835545 275.864290
40.838698 275.048543
40.838721 275.005061
40.838765 275.004507
40.838836 274.980388
40.839113 274.778774
40.839220 274.743821
40.839485 274.167267
40.840266 272.941188
40.843291 271.681425
40.858931 271.674789
40.865785 271.643185
40.870720 271.641789
40.875145 271.590643
40.875529 271.513838
40.877144 271.310441
40.877474 271.232870
40.882830 268.347423
40.898714 267.631693
43.557116 267.590328
51.768744 267.527644
52.188471 266.739996
54.288472 266.509420
81.911469 266.394759
85.536442 265.921569
99.214310 265.129982
114.233128 264.882310
114.715381 264.880022
114.970702 264.850347
115.008531 264.713196
117.361452 264.661796
121.265173 264.652926
121.610363 264.652236
125.013427 262.881646
128.926806 262.744384
142.366404 262.578545
149.507345 262.547546
152.320313 261.913835
155.391105 260.594422
159.762036 260.196969
163.908245 259.478430
165.390538 258.916810
165.433784 258.700564
165.585852 258.384729
167.401761 258.176425
167.693905 257.154373
169.958956 256.759341
170.281294 255.816621
170.299386 254.713911
170.301546 254.677775
170.352832 251.668194
170.395042 248.336861
195.295507 245.305687
195.382619 243.479723
195.433001 236.174729
198.351139 232.468007
198.840071 228.249326
218.715338 224.252744
220.107285 223.505589
220.188037 222.506591
220.415160 222.383190
220.457588 221.765161
221.302032 220.106439
221.963628 218.475714
248.785872 218.366665
248.815391 218.333867
248.884000 218.212797
249.099325 218.136360
249.134209 218.133999
249.140623 218.133734
249.154254 218.132793
257.806287 217.434580
260.592660 216.909572
260.989952 216.872546
261.051215 216.872321
261.663683 216.872295
261.840831 216.871470
284.413244 216.848198
285.204270 216.806246
288.405181 216.556662
289.813376 216.511490
313.327376 216.319719
329.734478 216.044069
360.082546 214.236643
363.246659 213.857780
364.741761 213.738121
365.737192 213.637651
365.975333 213.579422
378.918489 212.803983
398.555811 211.199076
399.431808 211.161675
399.601340 211.153768
404.675767 211.103337
415.934369 211.029189
427.454791 211.008412
428.082334 210.969817
428.224178 210.955485
428.287172 210.922712
430.283112 210.903589
431.973104 207.345507
432.263484 206.872422
434.011545 205.915773
437.305596 171.512564
534.421961 169.495659
598.746595 164.403158
598.771470 163.807985
598.919528 162.937654
598.937448 161.265671
599.076030 159.935778
599.134147 159.259319
599.272101 157.777052
599.330918 157.121508
599.365009 156.939462
600.890934 156.781407
602.024839 155.831906
602.802531 155.062067
604.078894 154.929167
638.629704 152.784762
672.195889 152.781278
682.646762 152.777537
682.919612 152.777483
683.516788 152.777339
683.523094 152.777289
683.523521 152.777197
683.524123 152.777061
683.524166 152.777039
683.524179 152.776997
683.524744 152.776944
683.527148 152.775654
683.528656 152.775594
683.528895 152.775318
683.529433 152.774874
683.532142 152.774609
683.534190 152.774555
683.536708 152.774449
683.542847 152.774410
683.543673 152.774374
683.544414 152.774348
683.544431 152.774279
683.544448 152.774252
683.544455 152.774184
683.544543 152.774132
683.556986 152.760224
683.557691 152.754430
683.561509 152.754287
683.611346 152.751399
683.641786 152.730285
683.758265 152.729944
683.763599 152.729469
683.973335 152.729418
684.027410 152.729055
684.099070 152.728990
684.106921 152.728973
684.113347 152.728970
684.118376 152.728963
684.122286 152.728935
684.163520 152.725038
684.243730 152.720513
684.469511 152.719516
684.547714 152.715052
684.547836 152.714766
684.554890 152.712855
684.670200 152.712724
684.699275 152.712586
684.721624 152.712265
684.724352 152.712252
684.738883 152.712021
684.768346 152.711754
685.167275 152.711749
685.172458 152.711749
685.270860 152.711748
685.326409 152.711747
685.426298 152.711747
685.433625 152.711745
685.440869 152.711742
692.079622 152.711418
692.835697 152.711207
693.028133 152.711207
693.040916 152.711204
693.053556 152.711204
693.054465 152.711204
693.084319 152.711204
693.094719 152.711202
693.187578 152.711201
697.573454 152.710325
702.284431 152.709701
702.285740 152.709614
702.287738 152.709603
702.287831 152.709583
702.287880 152.709581
702.288061 152.709576
702.288061 152.709555
702.288122 152.709553
702.288139 152.709551
702.288140 152.709527
702.288152 152.709524
702.288154 152.709510
702.288157 152.709429
702.288189 152.709361
702.288789 152.709351
702.296370 152.709332
702.310609 152.709281
702.537448 152.709277
702.554740 152.709249
702.598159 152.709222
702.707796 152.708832
702.708363 152.708810
702.708368 152.708786
702.708368 152.708781
702.708376 152.708771
702.708378 152.708758
702.708379 152.708750
702.708442 152.708729
702.708442 152.708728
702.708442 152.708721
702.708442 152.708713
702.712444 152.708476
702.713597 152.708466
702.713832 152.708405
702.713900 152.708404
702.714051 152.708386
702.714104 152.708375
702.717185 152.708360
702.717249 152.708359
702.717685 152.708357
702.718976 152.708331
702.722532 152.708324
702.728399 152.708304
702.730108 152.708290
702.731295 152.708286
702.732429 152.708220
702.833103 152.704312
702.889956 152.703671
702.909709 152.703011
703.444762 152.701292
706.417938 152.701270
708.408696 152.701114
709.976693 152.699942
710.018017 152.699375
710.046906 152.698749
710.975987 152.697463
712.955614 152.695387
712.967181 152.695358
712.967407 152.695355
712.968766 152.695354
712.968868 152.695354
712.971019 152.695353
712.999864 152.695152
713.277998 152.691402
717.600298 152.681659
717.624823 152.678244
720.513915 152.672244
726.946178 152.649481
727.077374 152.649438
727.082224 152.649336
727.510844 152.641381
728.181488 152.640641
753.191742 139.156229
758.162304 138.383824
773.161320 138.321590
784.692611 134.929804
798.730977 133.860158
804.250565 133.807837
807.687952 133.004716
808.854497 114.319616
817.311607 77.516320
818.864748 70.172752
827.723141 68.353492
828.542117 68.306816
829.244376 68.251999
832.193088 66.466888
839.761288 66.366447
857.154966 66.254555
857.893381 66.126469
858.680462 66.123795
859.572723 66.123103
859.946516 66.082745
859.952419 65.994545
859.978963 65.553420
859.986232 65.541557
860.058234 65.539714
860.383303 65.539409
860.448496 65.535317
860.463068 65.534987
860.473452 65.534985
860.498757 65.534977
860.565682 65.533213
860.571433 65.532714
860.576588 65.530004
860.583223 65.529424
860.794809 65.523279
862.401580 65.520439
878.027836 65.451793
882.862811 65.387687
890.825411 65.377565
894.810988 65.314514
895.043903 65.303709
895.868425 65.295532
895.871866 65.294215
895.975201 65.287054
896.108910 65.251535
897.835978 65.191689
899.647461 64.966048
899.816087 64.965340
900.635863 64.946890
902.006797 64.794948
902.584108 64.306373
931.535092 38.440265
932.934493 38.251597
933.324785 34.247715
934.203895 29.875929
935.469114 26.823157
938.800400 23.964468
995.297784 21.868010
995.733666 18.280714
997.115468 15.586763
999.457168 3.020598
999.747851 2.610160
