1000.000000 2.000000
5.019277 974.396678
9.516378 959.388967
11.093690 946.454517
16.277791 925.899570
21.167413 917.736135
21.194548 914.662815
21.257992 914.348212
23.510059 533.094007
23.608400 510.243178
23.833975 472.503168
24.693531 442.896430
35.140273 415.959739
36.341165 407.157282
36.747744 405.386554
36.755385 405.378368
36.758597 405.372822
36.760961 405.361256
36.763511 405.270068
36.765662 405.240234
36.805248 404.766435
36.964217 404.759179
37.303418 403.376575
37.646966 401.456361
37.814254 399.969683
38.003984 394.946892
38.457274 394.795890
38.458954 393.913266
38.505922 393.668441
38.519040 392.533404
38.552538 391.478296
38.878432 388.104061
38.996297 383.561973
39.861938 382.471096
40.129799 382.063939
40.383765 382.018529
40.783561 382.009376
47.182541 379.145579
47.280442 333.084104
49.155187 327.632327
534.206925 119.162688
618.516588 96.957681
629.996696 94.374660
649.116774 90.705346
664.257283 84.099048
678.756263 79.508000
945.548597 44.712675
974.042355 35.340149
978.312393 34.668092
987.660826 22.816240
987.882334 22.487843
987.882334 22.438039
987.882334 22.422673
987.882336 22.421905
987.882339 22.421329
987.882340 22.416548
987.882355 22.346159
987.882369 22.238168
987.882374 21.824196
987.882377 21.822177
987.882382 21.820623
987.882384 21.815306
987.882390 21.813812
987.882396 21.808316
987.883211 21.638179
987.885166 21.459838
987.885676 21.454320
987.893326 21.453379
987.894821 21.451467
987.897714 21.392959
987.899122 21.106771
987.899128 21.094024
987.899324 21.032518
987.899386 21.027570
987.899388 21.001977
987.899388 21.001888
987.899389 21.000700
987.899389 20.998993
987.899394 20.995046
987.899395 20.491283
987.912333 20.096125
987.914046 20.090027
987.914348 20.076558
987.914361 20.047660
987.928137 20.014399
987.929851 20.014343
987.931853 20.013725
987.934228 20.007688
987.935526 20.007266
987.938129 20.005377
987.938328 20.005243
987.938456 20.005182
987.939065 20.005159
987.939399 20.005140
987.939482 20.005045
987.939629 20.004680
987.939784 19.998622
987.940082 19.996056
987.940135 19.993839
987.941896 19.945997
987.941981 19.931427
987.942073 19.914561
987.944788 19.853591
987.945530 19.586270
988.042118 19.581523
988.096845 19.514554
988.111783 19.514527
988.115041 19.514371
988.197856 19.514305
988.431917 19.490664
988.431965 19.487583
988.431972 19.487535
988.431973 19.486287
988.431985 19.485660
988.431986 19.483993
988.431989 19.466250
988.527323 19.214386
988.546138 19.183934
988.663289 19.182759
988.716025 19.178302
988.728473 19.176602
988.732195 19.176542
988.736034 19.176508
988.845391 19.174631
989.477668 19.172647
989.559996 19.172563
989.614935 19.171886
989.695067 19.171770
989.975113 19.170974
990.050287 19.170904
990.147647 19.170782
990.616767 19.167971
990.617271 19.115506
990.626112 19.114392
990.638202 19.112925
990.672802 19.043803
990.684964 18.998912
990.702565 18.976572
990.706873 18.974109
990.711374 18.973295
990.721033 18.971769
990.721038 18.971757
990.721040 18.971693
990.721045 18.971552
990.721127 18.971535
990.722292 18.971481
990.722607 18.971440
990.722725 18.970751
990.722728 18.970099
990.722798 18.969996
990.723502 18.969540
990.723533 18.969504
990.723547 18.969446
990.723555 18.969436
990.724299 18.967202
990.726844 18.966096
990.726859 18.966055
990.726866 18.966043
990.726911 18.966023
990.726936 18.966007
990.726992 18.965979
990.727648 18.965964
990.728075 18.965963
990.728077 18.965963
990.728083 18.965963
990.728086 18.965963
990.728087 18.965963
990.728092 18.965963
990.728160 18.965962
990.728267 18.965958
990.728273 18.965955
990.728275 18.965629
990.728318 18.965593
990.728353 18.965490
990.729477 18.965341
990.729584 18.960366
990.729627 18.959502
990.729643 18.953608
990.729644 18.953385
990.729648 18.952166
990.729999 18.952154
990.730002 18.952140
990.730016 18.952137
990.730088 18.952128
990.730102 18.952127
990.730211 18.952117
990.730304 18.952116
990.730612 18.952116
990.730788 18.952114
990.730946 18.952112
990.731028 18.952077
990.731030 18.952067
990.731128 18.952061
990.731353 18.952041
990.731356 18.952023
990.731363 18.952005
990.731370 18.951987
990.733059 18.951850
990.733192 18.951734
990.733217 18.951362
990.733248 18.951170
990.733294 18.950615
990.733325 18.948194
990.733383 18.948062
990.733465 18.948020
990.733483 18.948019
990.733494 18.947938
990.733504 18.947931
990.733523 18.947860
990.733534 18.947694
990.733596 18.947574
990.733634 18.947559
990.733668 18.947535
990.733668 18.946832
990.733675 18.946550
990.733807 18.945500
990.733876 18.940555
990.733889 18.940205
990.734448 18.939735
990.734560 18.938458
990.734716 18.937401
990.737855 18.935529
990.745468 18.931060
990.746865 18.915941
990.747211 18.911188
990.749042 18.911188
990.751099 18.911188
990.761742 18.911183
990.769670 18.911147
990.769776 18.911146
990.769799 18.911145
990.769831 18.911139
990.769972 18.911131
990.769998 18.911125
990.770023 18.911123
990.770038 18.911123
990.770042 18.911123
990.770055 18.911123
990.770074 18.911114
990.770078 18.911097
990.770088 18.911094
990.770175 18.911076
990.770178 18.911075
990.770197 18.911075
990.770269 18.911070
990.770290 18.911069
990.770365 18.911057
990.770370 18.911024
990.770375 18.911003
990.771231 18.910988
990.772688 18.910903
990.772727 18.910899
990.772728 18.910504
990.772767 18.910460
990.773642 18.910441
990.779723 18.910426
990.797389 18.910324
990.812317 18.910003
990.827650 18.895438
990.828014 18.888392
990.830466 18.886066
990.832332 18.885645
990.833264 18.884241
990.833568 18.884220
990.833613 18.884182
990.848329 18.884143
990.852849 18.882570
990.852942 18.881770
990.854688 18.880428
990.882479 18.877939
990.885633 18.877939
990.885791 18.877939
990.893111 18.877938
990.894260 18.877938
990.894393 18.877937
990.895116 18.877937
990.895155 18.877937
990.899574 18.877937
990.901683 18.877936
990.914337 18.877935
990.915660 18.877935
990.915970 18.877926
990.932404 18.877921
990.932419 18.877919
990.932432 18.877903
990.932533 18.877899
990.932549 18.877899
990.932551 18.877899
990.932555 18.877896
990.932555 18.877890
990.933639 18.877869
990.933791 18.877755
990.934081 18.877731
990.935265 18.877469
990.937238 18.877060
990.986301 18.876566
991.008589 18.875946
991.022707 18.875800
991.049104 18.875749
991.051486 18.875749
991.052421 18.875748
991.054875 18.875737
991.060727 18.875276
991.166043 18.875095
991.166568 18.875084
991.170497 18.875043
991.188134 18.874534
991.201543 18.874386
991.207879 18.873867
991.215828 18.873743
991.243437 18.873608
991.291332 18.868947
991.489965 18.868593
991.550717 18.868387
991.568021 18.868333
991.572274 18.868332
991.659420 18.868296
991.664651 18.868296
991.673001 18.868296
991.677112 18.868296
991.678068 18.868296
991.679178 18.868296
991.679241 18.868296
991.680072 18.868296
991.680735 18.868286
991.683219 18.868252
991.693905 18.868250
991.698255 18.868243
991.711438 18.868241
991.793406 18.866959
991.804560 18.866855
991.808710 18.866763
991.812935 18.866570
991.829867 18.866251
991.831638 18.865917
991.834346 18.865824
991.834692 18.865812
991.835138 18.865754
991.841081 18.865675
991.841179 18.860197
991.841372 18.852403
991.841640 18.851747
991.841938 18.851539
991.842752 18.850809
991.843373 18.849828
991.843567 18.849423
991.843667 18.848997
991.843716 18.848733
991.843759 18.848730
991.843773 18.848724
991.843774 18.848624
991.843780 18.848580
991.843796 18.848557
991.843799 18.848376
991.843808 18.848375
991.843823 18.848375
991.843826 18.848375
991.843834 18.848375
991.843944 18.848355
991.844077 18.848340
991.844519 18.847920
991.847236 18.847899
991.847784 18.847896
991.847786 18.847896
991.848421 18.847893
991.848647 18.847892
991.848723 18.847891
991.848744 18.847890
991.848752 18.847890
991.848899 18.847890
991.849069 18.847890
991.849136 18.847889
991.849145 18.847888
991.849145 18.847888
991.849145 18.847888
991.849145 18.847888
991.849145 18.847888
991.849145 18.847888
991.849156 18.847888
991.849159 18.847888
991.849160 18.847888
991.849161 18.847888
991.849162 18.847887
991.849162 18.847887
991.849165 18.847887
991.849170 18.847887
991.849179 18.847887
991.849191 18.847887
991.849191 18.847887
991.849192 18.847887
991.849192 18.847885
991.849192 18.847885
991.849192 18.847885
991.849192 18.847884
991.849193 18.847883
991.849193 18.847881
991.849474 18.847869
991.849478 18.847869
991.849479 18.847869
991.849514 18.847869
991.849514 18.847868
991.849519 18.847868
991.849519 18.847868
991.849519 18.847868
991.849519 18.847868
991.849519 18.847868
991.849522 18.847868
991.849763 18.847864
991.849775 18.847864
991.850556 18.847864
991.850736 18.847864
991.850839 18.847864
991.850871 18.847863
991.850921 18.847863
991.851107 18.847861
991.851125 18.847861
991.851185 18.847861
991.851407 18.847860
991.851421 18.847859
991.851426 18.847858
991.851433 18.847856
991.851433 18.847854
991.851435 18.847854
991.851449 18.847850
991.851451 18.847850
991.851463 18.847850
991.851472 18.847849
991.851475 18.847849
991.851478 18.847849
991.851478 18.847846
991.851480 18.847845
991.851653 18.847843
991.851791 18.847843
991.851995 18.847840
991.858347 18.847597
991.859381 18.847577
991.860290 18.847482
991.860593 18.847364
991.864215 18.847204
991.864345 18.847204
991.874675 18.847204
991.874727 18.847203
991.876177 18.847203
991.876177 18.847203
991.876182 18.847203
991.876241 18.847203
991.876258 18.847203
991.899394 18.847202
991.904095 18.847201
991.915004 18.847201
991.915151 18.847197
991.915254 18.847184
991.915255 18.847179
991.915258 18.847178
991.915258 18.847177
991.915263 18.847174
991.915265 18.847170
991.915267 18.847162
991.925399 18.847154
991.926140 18.847143
991.926723 18.847129
991.939936 18.847109
991.947439 18.847105
991.947440 18.846072
991.947441 18.845396
991.947441 18.844896
991.947442 18.844880
991.947442 18.844857
991.947442 18.844842
991.947448 18.844782
991.947451 18.844676
991.947551 18.844457
991.947552 18.844387
991.947640 18.844385
991.947657 18.844369
991.947660 18.844364
991.947662 18.844361
991.948714 18.844323
991.948926 18.843821
991.949734 18.843741
991.950942 18.842884
991.951485 18.841986
991.952324 18.841421
991.953155 18.840750
991.954393 18.840695
991.957242 18.840567
991.958473 18.840443
991.968245 18.840025
992.287696 18.304077
992.387978 18.104598
992.830296 18.104441
992.939772 18.026759
993.300093 16.842141
993.481258 15.244544
993.548742 15.148884
993.629426 15.013652
993.662279 15.011706
993.666148 14.767014
993.671381 14.758873
993.675744 14.758864
993.696233 14.758859
993.741047 14.758853
993.742101 14.758000
993.742105 14.757992
993.743627 14.757989
993.744265 14.757983
993.744295 14.757983
993.744298 14.757973
993.744322 14.757973
993.744342 14.757972
993.744466 14.757963
993.744473 14.757951
993.744546 14.757928
993.755603 14.741927
993.785204 14.740454
993.787101 14.738529
993.801291 14.733114
993.806598 14.732997
993.825004 14.732828
993.833406 14.731980
993.920381 14.731763
993.921321 14.731752
993.921501 14.731686
993.921833 14.731607
993.922048 14.731399
993.922750 14.731133
993.936869 14.730588
993.980082 14.730333
994.032783 14.728811
994.036213 14.728090
994.042245 14.726971
994.051579 14.712447
994.066077 14.709155
994.165717 14.688098
994.606033 14.675931
994.729831 14.675587
995.200212 14.582281
995.208239 14.582182
995.209198 14.582082
995.212556 14.582009
995.213340 14.582006
995.213427 14.581981
995.218267 14.581883
995.219014 14.375077
995.219025 14.374799
995.219121 14.369478
995.254501 14.369083
995.254651 14.354559
995.255757 14.350695
995.256691 14.350006
995.262855 14.349760
995.263291 14.349496
995.267167 14.349243
995.267237 14.348768
995.267274 14.348497
995.267282 14.348410
995.267282 14.348403
995.267283 14.348349
995.267284 14.348274
995.267285 14.348075
995.267339 14.348074
995.267374 14.348073
995.267437 14.348007
995.268057 14.347980
995.316592 14.326138
995.318108 14.324465
995.324724 14.324139
995.331181 14.321812
995.495499 14.314669
995.535046 14.314618
995.545148 14.309649
995.576059 14.303558
995.732057 14.257156
996.019796 14.143152
996.038774 14.133361
996.172018 14.131529
996.346567 14.117503
996.840709 14.109352
996.943791 14.105507
996.946230 14.104928
996.946261 14.104767
996.946344 14.104667
996.949221 14.104157
996.949895 14.103514
996.950390 14.103422
996.951236 14.103198
996.956177 14.103129
996.956938 14.103124
996.958543 14.103051
996.959128 14.103037
996.959278 14.103036
996.959421 14.103030
996.959611 14.103021
996.960228 14.103016
996.960255 14.103009
996.960324 14.102986
996.960477 14.102972
996.960625 14.102836
996.960843 14.102806
996.961230 14.102788
996.965557 14.102664
996.969269 14.102649
997.005865 14.102529
997.011348 14.102338
997.038783 14.102268
997.043917 14.102250
997.060710 14.102238
997.060941 14.101590
997.061599 14.101590
997.065873 14.101426
997.066169 14.101425
997.069146 14.100762
997.098108 14.100055
997.098114 14.099921
997.098128 14.099814
997.209568 14.084540
997.264173 14.074012
997.310074 14.073556
997.313228 14.017613
997.322040 14.010614
997.323113 14.006420
997.323114 14.002662
997.323116 14.001672
997.323118 14.000514
997.324063 13.997386
997.355852 13.985118
997.374136 13.984902
997.376514 13.984898
997.376609 13.984891
997.377308 13.984886
997.377468 13.984886
997.377636 13.984885
997.384191 13.984884
997.389369 13.984881
997.426293 13.984254
997.456578 13.983742
997.459846 13.983722
997.469320 13.983684
997.470408 13.983548
997.470904 13.983540
997.471168 13.983519
997.490887 13.983518
997.509364 13.983516
997.534233 13.983515
997.534562 13.979887
997.535084 13.977451
997.554613 13.977248
997.561658 13.973863
997.562783 13.970947
997.565263 13.970840
997.566742 13.970840
997.708737 13.942396
997.709382 13.940380
997.714735 13.938625
997.719230 13.938571
997.722136 13.937865
997.722904 13.937754
997.723101 13.936443
997.723658 13.936408
997.723925 13.936334
997.724030 13.935728
997.724062 13.935193
997.724068 13.920179
997.732830 13.914128
997.732868 13.912807
997.732988 13.912439
997.733084 13.911401
997.739343 13.904998
997.740327 13.895269
997.742492 13.895261
997.742563 13.895260
997.743186 13.895260
997.743294 13.895182
997.743503 13.895063
997.744626 13.892169
997.748622 13.885210
997.749309 13.878905
997.749326 13.872026
997.749391 13.871118
997.749619 13.870233
997.750001 13.852729
997.947199 13.840546
997.951429 13.838523
997.953023 13.835174
997.957637 13.834487
997.957816 13.833349
997.957976 13.825429
997.958066 13.819973
997.958446 13.816210
997.959867 13.808450
997.963259 13.792715
997.963583 13.738819
997.964723 13.724283
997.966039 13.494224
998.081816 9.635111
998.173438 9.628024
998.186288 9.621229
998.186984 9.602306
998.189603 9.583073
998.189888 9.577353
998.191006 9.575373
998.191605 9.392379
998.192213 9.313949
998.192214 9.284209
998.192214 9.265868
998.192214 9.227625
998.192214 9.221332
998.192214 9.121115
998.192214 9.112587
998.192214 9.108622
998.192214 8.973843
998.192465 8.929813
998.192732 8.767124
998.193604 7.975925
998.193866 7.658661
998.194784 6.888319
998.196055 5.486169
998.196503 5.486157
998.350990 5.486061
998.421843 5.483880
998.433283 5.483695
998.483941 5.483649
998.510057 5.483237
998.531348 5.481428
998.540307 5.481426
998.599021 5.481417
998.599038 5.480505
998.599168 5.480089
998.599169 5.479994
998.599170 5.479850
998.599194 5.479627
998.599243 5.479122
998.599327 5.478929
998.599835 5.478752
998.600632 5.478725
998.601509 5.478361
998.603834 5.478205
998.607933 5.478066
998.610852 5.477560
998.613978 5.475311
998.616202 5.470757
998.616329 5.470137
998.616769 5.467159
998.617033 5.466707
998.617891 5.465692
998.620778 5.465675
998.623009 5.455230
998.627980 5.452428
998.629478 5.445820
998.692564 5.444223
998.701911 5.443634
998.704860 5.442487
998.706283 5.440313
998.714116 5.440260
998.714421 5.439762
998.727796 5.437715
998.731842 5.420870
998.733913 5.420860
998.740590 5.420858
998.743105 5.420858
998.743564 5.420858
998.743978 5.420858
998.756714 5.420790
998.757984 5.420512
998.760123 5.420276
998.773791 5.419716
998.773846 5.419703
998.774132 5.419637
998.795067 5.419510
998.795083 5.419499
998.795120 5.419464
998.795125 5.419436
998.795126 5.419411
998.795128 5.419402
998.795131 5.419378
998.795239 5.419179
998.795320 5.419179
998.795340 5.419178
998.795489 5.419169
998.795586 5.419162
998.795789 5.419113
998.795790 5.419060
998.795790 5.419028
998.795790 5.419021
998.795816 5.418948
998.795873 5.418894
998.796277 5.418189
998.796285 5.418187
998.796423 5.418187
998.796459 5.418186
998.796877 5.418185
998.796952 5.418178
998.826118 5.397921
998.951653 5.392799
998.955904 5.387769
998.985683 5.386796
999.092630 5.377286
999.096398 5.314728
999.102086 5.077670
999.102158 5.058091
999.102162 5.033277
999.102162 5.033153
999.102162 5.033128
999.102187 4.925324
999.102235 4.893833
999.102235 4.883840
999.102244 4.883775
999.102246 4.883360
999.102251 4.881892
999.102251 4.881599
999.102251 4.879824
999.102371 4.879761
999.102441 4.879348
999.105271 4.872706
999.106040 4.871070
999.106198 4.871051
999.106460 4.870937
999.107012 4.870872
999.107013 4.870870
999.107024 4.870848
999.107024 4.870848
999.107024 4.870848
999.107024 4.870848
999.107024 4.870848
999.107024 4.870847
999.107024 4.870847
999.107024 4.870847
999.107025 4.870847
999.107040 4.870727
999.107047 4.870696
999.107054 4.870675
999.107057 4.870674
999.107061 4.870665
999.107062 4.870665
999.107065 4.870665
999.107065 4.870663
999.107066 4.870663
999.107069 4.870660
999.107070 4.870657
999.107081 4.870656
999.107081 4.870655
999.107113 4.870652
999.107139 4.870648
999.107161 4.870646
999.107223 4.870517
999.107539 4.870488
999.107607 4.870468
999.107646 4.869987
999.107703 4.869938
999.107793 4.869755
999.108038 4.869482
999.108153 4.869472
999.108195 4.869472
999.108345 4.869427
999.108595 4.869358
999.108617 4.869357
999.108634 4.869356
999.108971 4.866932
999.109071 4.866805
999.109073 4.866790
999.109151 4.866743
999.109176 4.866569
999.109198 4.866553
999.109198 4.866429
999.109818 4.861577
999.110038 4.860874
999.110513 4.859953
999.110591 4.846024
999.111281 4.772505
999.113352 4.747607
999.113367 4.675163
999.113368 4.674119
999.113368 4.671637
999.113368 4.660232
999.113374 4.641046
999.113388 4.596501
999.113396 4.590491
999.113396 4.590409
999.113396 4.586415
999.113417 4.585695
999.113422 4.585110
999.113422 4.575768
999.113426 4.559910
999.113439 4.551523
999.113441 4.550593
999.113506 4.550470
999.113570 4.550374
999.113634 4.550049
999.113652 4.549883
999.113653 4.548417
999.113653 4.531875
999.113673 4.036483
999.113680 4.033981
999.113687 4.033733
999.113692 4.032879
999.113698 4.029561
999.113722 3.992740
999.114191 3.968916
999.114698 3.924851
999.115188 3.733713
999.115468 3.665231
999.124728 3.659868
999.128672 3.659496
999.136124 3.648155
999.140705 3.627517
999.143238 3.618841
999.149665 3.607393
999.168448 3.596231
999.171797 3.587173
999.172861 3.417890
999.173513 3.416039
999.173754 3.413124
999.175456 3.411898
999.176293 3.409169
999.176464 3.409126
999.176804 3.409101
999.179949 3.403489
999.179977 3.403486
999.180028 3.403439
999.180031 3.403427
999.180653 3.403425
999.180998 3.403401
999.181165 3.403327
999.181300 3.403251
999.181586 3.403226
999.181601 3.403226
999.181661 3.403226
999.181676 3.403225
999.181681 3.403224
999.190121 3.403214
999.207622 3.401436
999.220769 3.391876
999.231110 3.268971
999.234360 3.144072
999.238123 2.970462
999.242891 2.970316
999.243086 2.968389
999.243461 2.961955
999.243631 2.960924
999.243917 2.936888
999.244226 2.895004
999.244821 2.894782
999.244932 2.892878
999.249740 2.886049
999.252800 2.885216
999.253105 2.885176
999.253357 2.885145
999.253534 2.884544
999.254220 2.884493
999.256838 2.884141
999.257114 2.883944
999.257384 2.880242
999.547210 2.793658
999.668138 2.746096
999.911383 0.340261
999.911400 0.340107
999.911414 0.338795
999.911454 0.336627
999.911462 0.336601
999.911465 0.336480
999.911466 0.336439
999.911471 0.336427
999.911477 0.336400
999.911507 0.327308
999.911514 0.320233
999.911540 0.287785
999.911543 0.287321
999.911546 0.285371
999.911547 0.285360
999.911568 0.284850
999.917481 0.284817
999.917696 0.284812
999.917949 0.284795
999.918669 0.284777
999.918908 0.284764
999.918913 0.284752
999.918942 0.284751
999.919772 0.284730
999.920324 0.284720
999.959780 0.284683
999.959784 0.284672
999.959786 0.284671
999.959789 0.284670
999.959790 0.284622
999.959791 0.284610
999.959793 0.284609
999.959796 0.284557
999.959943 0.284555
999.960169 0.284555
999.960755 0.284554
999.960885 0.284553
999.961282 0.284553
999.961961 0.284494
999.962088 0.284485
999.962251 0.284445
999.965318 0.269066
999.977269 0.253438
999.978367 0.247233
999.978582 0.225719
999.982697 0.208438
999.991216 0.197032
