1000.000000 2.000000
5.379690 981.318085
5.549412 976.505714
12.137119 960.429288
12.774440 959.696903
12.819961 959.684508
12.835937 959.563741
12.971948 953.966688
13.175898 953.811105
13.189389 953.808471
13.299836 953.805201
13.425107 953.695799
13.470685 953.664267
13.471000 953.634940
13.472327 953.632223
13.608298 952.611230
13.617017 952.596948
13.622885 952.568355
13.626493 952.566104
13.626928 952.565684
13.627195 952.550003
13.628214 952.547286
13.711095 952.545975
13.752139 952.383497
16.363325 949.665930
22.518918 949.404482
26.617198 948.406666
28.686012 948.397751
28.722474 948.386308
28.869800 948.375544
29.082041 948.135129
29.082326 947.205452
29.084447 947.032797
29.086562 946.628158
29.266332 945.226385
29.925922 941.412782
30.003659 941.373856
30.229028 941.084587
30.941101 941.032874
30.948671 941.032852
30.955823 941.032838
30.960609 941.031554
30.961379 941.026945
30.968029 940.995446
30.972698 940.994459
30.990674 940.991635
30.994048 940.979084
31.004585 940.944657
31.008899 940.904156
31.107037 940.875300
31.179690 940.875097
31.202309 940.874917
31.208728 940.874894
31.214620 940.874880
31.214704 940.874873
31.214844 940.874872
31.214938 940.874805
31.214989 940.874743
31.215025 940.874595
31.215028 940.874587
31.228498 940.838693
31.254281 940.827983
31.255626 940.791046
31.256452 940.782950
31.281718 940.735669
31.292497 940.698026
31.323684 940.480286
31.329211 940.464776
31.332594 940.455570
31.335501 940.454311
31.340830 940.443582
31.350260 940.442861
31.504245 940.431124
31.732251 940.422583
31.738236 940.420405
31.738242 940.420366
31.738565 940.420363
31.739645 940.420315
31.739666 940.403081
31.739890 939.814772
31.739971 939.809141
31.739979 939.802727
31.740131 939.793189
31.740196 939.790315
31.740206 939.790199
31.740271 939.790132
31.740281 939.789579
31.742112 939.775238
31.742576 939.770452
31.746299 939.764211
31.746477 939.709259
31.746545 939.636326
31.746625 939.633888
31.747103 939.629415
31.747427 939.626280
31.748876 939.052007
31.749319 938.948985
31.755309 938.624969
31.816517 938.303854
31.837150 938.258622
31.837427 938.205330
31.837842 938.130261
31.837957 938.071655
31.838361 938.062611
31.838991 938.045146
31.856437 937.459053
31.894213 936.903014
31.903487 936.813959
31.930435 935.357981
31.939732 935.269603
31.959587 935.263289
31.971048 933.002693
31.973452 932.417318
31.976746 931.573625
31.976750 930.792942
31.976934 929.506752
32.014333 929.171697
32.066488 929.169781
32.070909 929.161328
32.071354 929.160988
32.072813 929.160086
32.073026 928.967526
32.076043 928.907715
32.081900 928.887064
32.239017 921.629342
32.660589 909.040369
33.271419 908.027477
33.564526 907.671975
33.564568 907.582742
33.564627 907.533797
33.565309 907.524035
33.565663 907.478240
33.565842 907.474350
33.567141 907.456058
33.567856 907.441108
33.568487 907.414209
33.568690 907.262844
33.568709 907.262619
33.568759 907.261789
33.569186 907.258021
33.569208 907.206889
33.570905 906.934270
33.571244 906.865533
33.571932 906.856345
33.572762 906.830251
33.573297 906.735393
33.573329 906.726119
33.573330 906.721351
33.573592 906.698444
33.582771 906.690353
33.602722 906.688174
33.614637 906.677945
33.633538 906.677596
33.682566 906.109283
33.683141 906.075572
33.683158 906.071464
33.683509 906.070122
33.683893 906.069902
33.693861 906.069831
33.705386 906.069371
33.717899 905.994343
33.726221 905.964743
33.731955 905.692692
33.734948 904.709136
33.740411 904.266174
33.741717 903.276169
33.743065 902.516144
33.743090 901.385781
33.743116 901.348618
33.743116 901.288829
33.743117 901.213776
33.743122 901.156399
33.743247 900.472037
33.743534 900.468536
33.743540 900.407256
33.743568 900.324061
33.743579 900.262832
33.743580 900.168479
33.743581 900.164993
33.743581 900.162685
33.743581 900.153568
33.743584 900.150888
33.743584 900.150888
33.743584 900.150885
33.743584 900.150788
33.743584 900.150215
33.743584 900.148748
33.743584 900.148547
33.743585 900.137212
33.743592 900.120426
33.743592 900.117203
33.743606 900.116945
33.743621 900.068675
33.743628 900.061060
33.743632 899.987048
33.743634 899.784935
33.743672 899.752557
57.586561 872.835737
57.689812 871.657803
57.692382 871.067857
57.708265 869.771263
58.389769 869.365364
58.425086 868.773487
58.744974 867.106638
58.797160 865.203164
59.394257 865.033247
62.330667 859.191385
63.047048 850.169754
65.805605 817.128108
70.923961 816.949190
74.566599 816.806937
82.416982 816.780220
84.026214 816.772880
84.538887 816.766977
91.433126 816.766360
93.376670 816.762198
93.402565 816.760675
98.101928 816.760296
98.252984 816.751620
98.455049 816.751062
98.458901 816.750681
98.473730 816.750130
98.680272 816.747944
98.799185 816.674628
102.354382 816.637028
103.445663 816.634111
104.298952 816.626351
112.129023 816.623355
114.725929 816.589946
115.526072 816.557958
117.456122 816.541191
118.627516 815.904932
119.725618 815.722012
119.759604 815.707389
119.759826 815.702593
119.760131 815.698131
119.760408 815.696686
121.720960 815.673161
121.754656 815.664903
122.235954 815.649720
122.432833 815.635863
122.548310 815.564564
123.207387 815.562330
124.731574 815.423342
125.058927 815.412859
125.616060 814.154864
127.754055 813.931849
131.138431 813.112896
145.683140 812.642984
146.339141 812.626950
146.648089 812.514792
147.136837 812.455042
147.707952 812.453977
147.722704 812.452185
147.726255 812.443965
147.766494 812.421287
152.730341 812.283782
196.736799 811.796370
197.148180 811.534770
197.199281 811.162475
197.410230 811.104575
197.649497 810.552483
197.683810 810.546663
197.708096 810.540281
197.803585 810.512878
197.843844 810.450356
197.882445 810.439721
202.116593 808.283076
234.291455 805.651787
234.505747 801.945822
234.506775 801.936813
234.515386 801.931153
234.518218 801.926446
234.537280 801.924827
234.544008 801.923309
234.563714 801.921790
234.732862 801.885060
234.732913 801.876203
234.732958 801.867501
234.733228 801.829264
234.736599 801.702784
234.739118 801.687996
234.740413 801.581975
234.742083 801.477786
235.523461 801.275439
236.032015 800.962240
236.854455 800.913380
236.858069 800.882833
236.886791 800.880075
236.896120 800.871639
236.924599 800.839542
236.925731 800.748221
236.933626 800.684039
236.964473 800.382200
237.071902 800.257584
237.099633 800.124851
237.358003 799.048074
237.474924 796.180908
237.612691 795.919558
237.624353 794.065359
240.209925 793.262861
253.896590 792.385468
257.734125 784.661448
258.019557 784.241932
258.970912 783.913010
259.554494 781.461529
262.126188 781.332239
274.177891 777.204237
292.958608 776.347433
293.326609 722.706779
296.466905 722.055724
298.138735 718.657255
298.210823 697.437465
298.293439 687.050053
299.993790 685.486626
300.065230 674.910871
300.315171 659.559466
300.622392 657.920590
301.715656 653.646328
301.803085 652.677186
301.805105 652.478117
301.823280 652.217418
301.826554 651.963364
303.499332 651.009664
303.532876 651.006716
303.610550 650.856649
304.655024 650.826869
304.936663 650.818506
304.945019 650.796117
304.947727 650.795864
304.951985 650.795859
304.965049 650.794277
304.969629 650.790402
305.018458 650.733933
305.172943 650.731792
305.310668 650.670395
305.484655 650.555773
305.604023 648.545879
306.013182 648.533039
306.802642 648.527969
306.816742 648.526597
306.919436 648.526219
306.927723 648.526216
306.928960 648.526216
306.940166 648.526215
306.986670 648.526215
307.022179 648.485164
307.263523 648.467113
307.623509 648.466005
309.962135 648.462644
310.165402 648.437478
310.281392 648.434727
310.365418 648.167462
310.378980 648.047410
310.625560 647.597299
310.997554 647.595044
311.177667 647.590438
311.202866 647.590290
311.277294 647.584902
311.288139 647.583530
311.647090 647.573958
311.651913 647.570766
311.652105 647.569545
311.652602 647.566391
311.672416 647.549240
311.796729 647.549003
311.993533 647.547544
312.060078 647.545985
312.143903 647.341114
312.144136 647.319076
312.144170 647.317272
312.144184 647.302601
312.151493 647.299546
312.152385 647.198423
312.152981 647.124733
312.161989 647.074902
312.234160 646.992373
312.273235 646.979378
312.274833 646.974758
312.280987 646.963552
312.282161 646.958686
312.282201 646.957638
312.285287 646.874315
312.350558 646.703103
312.383188 646.611392
312.393451 646.539089
312.404008 646.534328
312.424401 646.533982
312.424467 646.533611
312.424474 646.530702
312.482992 646.476276
312.506557 646.475494
312.538903 646.472842
312.564886 646.466718
312.570803 646.361103
312.696572 646.360689
313.010392 646.320344
313.296018 646.316421
313.332981 646.316277
313.335577 646.312843
313.359439 646.291240
313.373727 646.291233
313.400878 646.291195
313.408034 646.288347
313.410941 646.286176
313.427887 646.285379
319.842148 644.274522
320.611167 643.963742
320.633580 643.962851
320.671135 643.962840
320.671287 643.962836
320.671553 643.962823
320.671905 643.962787
320.749333 643.962113
320.867888 643.959442
321.006956 643.796583
322.862615 643.792209
323.425282 643.661210
323.850634 643.088511
331.817948 639.855178
332.671316 639.183482
335.339793 639.108630
335.887698 635.247796
343.800791 634.866384
343.845042 634.859938
344.035877 634.835790
344.053142 634.831330
344.053186 634.828467
344.065757 634.827799
344.069499 634.823867
344.229722 634.793054
344.338122 634.675154
344.338718 634.674957
344.338735 634.674928
344.338766 634.674885
344.338853 634.674859
344.338880 634.674165
344.338898 634.674106
344.338900 634.674088
344.338905 634.674079
344.338907 634.674079
344.339011 634.674069
344.339713 634.673848
344.339870 634.671853
344.347607 634.667782
344.347799 634.665643
344.352608 634.664031
344.355692 634.662392
344.355760 634.662172
344.355768 634.662024
344.356530 634.662017
344.356767 634.662013
344.357275 634.662010
344.357436 634.662009
344.357506 634.662009
344.357580 634.662009
344.357662 634.662009
344.357747 634.662007
344.359856 634.662005
344.361409 634.661937
344.361620 634.661853
344.362040 634.661809
344.362089 634.661804
344.362735 634.661804
344.365038 634.657956
344.371024 634.037471
344.489265 633.998643
345.099279 632.333819
345.984253 631.567468
346.097752 631.021570
346.224270 629.466270
346.305724 629.451811
346.339475 628.963370
346.457303 628.666873
346.559374 628.107607
346.682828 627.789893
346.808105 627.664350
346.810293 625.262443
346.810412 625.181763
346.812138 625.019117
346.812618 624.937455
346.812653 624.813487
346.812747 624.796038
346.812876 624.774209
346.813215 624.694953
346.813280 624.501649
346.813333 624.455854
346.814192 624.229556
346.815972 623.943228
346.816249 623.742964
346.816354 623.115200
346.817278 621.996184
346.817513 621.196284
346.822405 620.333382
346.823398 620.136898
346.833877 619.968023
346.838109 619.720504
346.883568 618.978163
346.919562 618.892950
346.943480 618.821608
346.951527 618.764880
346.951883 618.754081
346.952596 618.749774
346.952658 618.749255
346.952669 618.749197
346.952721 618.749113
346.956993 618.646556
346.957175 618.609557
346.957286 618.602177
346.958757 618.424991
346.962223 618.171092
347.018171 617.852519
347.024022 617.825120
347.059319 617.802287
347.060569 617.781175
347.067523 617.753290
347.089042 617.736661
347.110399 617.728035
347.110422 617.727682
347.110443 617.727606
347.110674 617.725471
347.114058 617.725452
347.114064 617.725418
347.115239 617.725402
347.130439 617.694668
347.131127 617.686363
347.135126 617.686335
347.138273 617.683230
347.174632 617.674992
347.175874 617.670557
347.176263 617.662273
347.176293 617.658990
347.177464 617.654324
347.178358 617.652415
347.179188 617.644660
347.179195 617.639452
347.179363 617.630834
347.179409 617.615296
347.180375 617.613519
347.184131 617.594560
347.187671 617.546466
347.193770 617.501589
347.199045 617.492797
347.232725 617.439659
347.237282 617.428241
347.293342 617.403293
347.324744 617.399250
347.611562 617.390942
347.618308 617.383172
347.653827 617.373226
347.727513 617.364976
347.761121 617.330017
347.772648 617.310472
347.838586 617.306261
347.870913 617.277455
347.895563 617.275424
348.061486 617.275254
348.073893 617.275246
348.073957 617.272338
348.074735 617.268108
348.078951 617.268088
348.078994 617.268088
348.079359 617.268086
348.113881 617.266964
348.115507 617.226047
348.601936 617.199918
348.602093 617.199705
348.602565 617.199144
348.736006 617.198545
348.736413 617.198460
348.740335 617.196659
348.748390 615.332865
348.806712 614.718160
348.820339 614.681953
348.822916 614.649498
348.823798 614.604784
348.836128 614.439016
348.836159 614.407301
348.836376 614.381718
348.837911 613.550406
348.838271 613.307668
348.841774 613.145770
348.843754 612.886798
348.858468 612.282793
348.858869 612.261908
348.858906 612.257631
348.858942 612.205087
348.860836 612.001701
348.864347 611.994827
348.884934 611.952596
348.888653 611.516364
348.890189 611.145083
348.890224 611.144211
348.892179 610.776501
348.894277 610.775601
348.902222 610.775336
348.902362 610.775331
348.902388 610.775330
348.902494 610.775328
348.902684 610.775325
348.903678 610.775320
348.904115 610.775317
348.905947 610.775310
348.907985 610.775267
348.908738 610.775263
348.910104 610.768714
348.910312 610.726924
348.910411 610.724297
348.910475 610.722198
348.910534 610.670910
348.912603 610.646417
353.114167 563.105759
354.742892 542.533877
354.882437 542.252733
355.040912 537.110420
355.151548 535.542666
355.195367 527.707859
355.205981 527.702795
355.266853 527.638839
355.371012 527.538233
355.425907 527.512279
355.512225 526.766885
355.552812 521.162509
355.564559 518.150262
355.570035 516.066914
355.701551 480.152537
355.895468 463.552358
357.419019 446.023061
357.494021 444.145562
357.926154 444.088205
358.644366 443.671251
358.723995 441.360213
360.113109 433.150748
360.218298 433.093128
360.364821 432.665772
360.399308 432.642274
360.498924 432.626063
360.505421 432.309030
360.673566 432.118157
360.859249 431.587764
360.870701 431.535550
360.884068 407.971307
360.903473 405.536942
360.905358 398.229348
360.914870 394.334031
360.915361 393.148153
360.916766 392.237124
360.919226 392.080500
360.920758 392.046357
360.921699 391.845108
360.924166 391.596518
360.929783 389.840083
360.947473 364.288378
360.957448 363.869789
360.958891 363.772013
360.963529 363.106622
360.969212 363.031366
360.970083 363.005259
360.975043 362.962193
360.990272 362.879452
361.006211 362.655757
361.068499 362.032867
361.129821 358.803997
361.130472 358.797640
361.259773 358.793166
361.298193 358.754159
361.367034 358.567544
361.443076 358.485225
361.613457 337.134219
361.734693 298.672092
361.952673 260.469199
361.952676 259.774506
361.952679 258.087594
361.952690 256.856885
361.952691 256.855965
361.952691 256.848176
361.952691 256.826701
361.952691 256.291753
361.952691 256.216664
361.952691 256.119519
361.952691 255.601453
361.952691 255.598575
361.952691 255.548528
361.952692 255.520646
361.952692 254.583865
361.952692 253.047164
361.952692 248.693620
361.952692 247.471853
361.954785 247.471805
361.964410 247.471703
361.976986 247.469851
361.981173 247.469093
362.004220 247.468770
362.006791 247.468620
362.018631 247.463175
362.020162 247.459874
362.022541 247.457693
362.037298 247.455169
362.044419 247.446705
362.335322 247.346472
362.343556 247.317126
365.159477 247.117437
365.209158 246.167920
365.225794 243.204136
365.305020 242.569034
365.386603 242.397263
365.394810 242.374339
365.395296 242.369919
365.403729 241.221674
365.425038 240.701226
365.720479 238.770302
365.751920 237.231004
365.787501 237.201287
365.879647 235.295958
366.159612 232.097967
366.169462 232.012860
366.174488 231.869033
366.174700 231.505143
366.920390 222.518936
393.585754 216.687511
411.298875 216.661532
431.607010 216.625140
470.602638 216.314446
471.238210 216.250338
471.527606 216.050067
471.847539 216.037140
472.082766 216.002776
473.750743 216.002555
474.448001 216.002318
474.519141 216.001435
475.184018 215.997959
475.186401 215.997811
475.186626 215.996005
475.203015 215.995926
475.229981 215.994276
475.258591 215.993353
475.446919 215.993222
475.825149 215.993183
476.045852 215.992755
476.055816 215.990415
476.071473 215.988573
476.099107 215.987971
476.968564 215.987684
478.009038 215.986570
478.150928 215.979662
478.227428 215.979228
478.335246 215.978920
479.219264 215.978794
479.333542 215.970789
479.412903 215.969001
479.569004 215.964066
479.569110 215.963251
479.569696 215.962776
482.098726 215.960026
483.008924 215.949576
483.226493 215.948707
490.278514 215.925128
510.724653 215.787340
511.321306 215.201321
511.409841 211.209386
512.937488 211.177658
513.532840 211.066323
513.691077 210.902877
513.808830 210.721956
514.138144 210.701274
517.801940 210.453596
517.821690 210.419082
517.826750 210.418973
517.849480 210.418957
517.859237 210.418907
517.907290 210.362263
517.909524 210.351210
517.910398 210.350863
517.912372 210.350717
517.913095 210.307881
517.913454 210.307773
517.913876 210.307686
517.913950 210.306257
517.914770 210.304847
517.915226 210.304446
517.915268 210.303262
517.916902 210.285726
517.917765 210.229755
517.933349 210.227203
517.937513 210.225184
518.202895 210.220799
518.960709 210.209483
518.961449 210.192378
518.961507 210.167905
518.961877 210.132187
518.961885 210.126316
518.961937 210.083632
519.002379 210.063706
519.012173 210.035068
519.106037 209.589198
519.623766 208.903131
519.648910 208.790635
519.671060 208.760293
519.684594 208.694940
519.723313 208.648436
520.121915 208.646189
520.153222 208.635408
520.164412 208.616256
520.173882 208.612331
520.195505 208.609896
520.214662 208.543989
520.562388 208.516373
521.025729 208.500130
521.025969 208.399809
521.026005 208.396647
521.026024 208.394396
521.028112 208.149448
521.070367 207.922351
521.075665 207.916888
521.088446 207.909584
521.088868 207.904817
521.089355 207.900602
521.089439 207.897419
521.091578 207.890294
521.096760 207.890112
521.132550 207.886520
521.136763 207.886282
521.145355 207.885438
521.163111 207.885115
521.178246 207.885068
521.207859 207.879907
521.224973 207.866789
521.269174 207.850575
521.302270 207.846827
521.348596 207.844179
521.389249 207.833970
521.392571 207.829594
521.395965 207.825359
526.074021 206.663805
531.496375 206.599739
535.976364 206.504675
536.012129 206.465581
549.821641 206.432348
549.986809 206.426067
554.006077 206.406728
556.118134 198.359534
559.758092 197.047696
595.486213 178.547327
839.423130 177.995576
905.253142 172.512036
905.342237 172.026727
905.395581 171.681624
905.395736 170.303739
905.395740 162.255471
905.395741 161.563265
905.395747 154.220420
966.272430 150.169007
966.314951 148.393200
966.314958 148.215156
966.315084 148.163071
966.315785 148.058806
966.316516 148.008710
966.316869 147.950086
966.321756 147.292538
966.421601 142.438093
966.426204 142.426762
966.428915 142.421446
966.429963 142.421036
966.430770 142.420530
966.431162 142.419732
966.438555 142.418868
966.445422 142.417923
966.497275 134.653947
966.508139 133.348903
966.509222 133.269890
966.509902 133.184927
966.513230 132.843083
966.531226 132.152359
966.538715 131.709359
966.545011 131.699801
966.545729 131.674037
966.547657 131.669740
966.547674 131.667128
966.548086 131.667013
966.549639 131.666876
966.549646 131.666854
966.549682 131.666845
966.549926 131.666794
966.553864 131.661815
966.558540 131.660933
966.558573 131.291911
966.558598 130.695354
966.558885 130.693178
966.559109 130.691540
966.559390 130.688797
966.560335 130.678359
966.560338 130.678007
966.560343 130.677549
966.560346 130.676984
966.560360 130.653254
966.561274 130.648605
966.601922 129.459286
966.623619 129.411081
966.670379 128.923613
966.795545 127.793263
966.814890 127.266363
966.830054 125.751765
966.841652 125.646160
966.983086 96.992751
969.078864 90.450259
970.621965 81.352580
972.556995 76.495895
976.003233 61.351652
978.630892 61.136927
978.638299 61.132329
978.656492 61.126591
978.702995 61.084127
978.881346 60.276001
979.951418 59.878229
980.562175 59.867213
980.562298 59.866455
980.563028 59.859986
980.563401 59.857343
980.575376 59.850750
980.575436 59.847975
980.575483 59.846417
980.607070 59.821871
980.675329 59.821806
980.696631 59.821691
980.827916 59.820825
980.829292 59.820814
980.859037 59.820814
980.862758 59.820798
980.863031 59.820701
980.863382 59.820660
980.864090 59.820596
980.984288 59.820477
980.995655 59.820261
981.015561 59.820226
981.035365 59.820199
981.097546 59.819163
981.192840 59.818886
990.991549 54.309297
995.046437 53.183770
995.065623 21.892900
995.265670 16.625864
995.380837 12.203659
995.436244 12.196519
995.454271 12.195396
995.468165 12.092890
996.847392 12.074180
997.890643 12.070678
998.386028 12.064651
998.435996 12.064562
998.456291 12.064157
998.464521 12.063612
998.488729 12.060149
998.490225 12.059801
998.506559 12.057546
998.556178 12.049410
998.659792 12.036833
998.661477 12.029424
998.661917 12.027570
998.665863 12.020887
998.668010 12.016422
998.668026 12.014240
998.668245 11.985685
998.668652 11.985683
998.669456 11.985661
998.670022 11.985601
998.670983 11.985597
998.671673 11.985595
998.673652 11.985591
998.673653 11.985591
998.673779 11.985591
998.673816 11.985591
998.673842 11.985591
998.673896 11.985591
998.673906 11.985590
998.674382 11.985590
998.674818 11.985589
998.675359 11.985589
998.700168 11.984171
998.751295 11.982917
998.772885 11.982610
998.783978 11.982083
998.786174 11.981785
998.788084 11.981534
998.789057 11.981253
998.796357 11.980924
998.796417 11.980532
998.797307 11.980350
998.829464 11.978376
998.834128 11.977806
998.834156 11.977772
998.834421 11.977389
998.838715 11.977212
998.851313 11.976923
998.853587 11.976692
998.853765 11.975984
998.869910 11.975796
998.879052 10.425283
998.885323 8.562464
999.247132 7.790187
999.404234 2.706651
999.892813 1.506194
