1000.000000 2.000000
2.564274 971.521424
43.682224 937.855244
44.103842 937.855021
45.142406 937.854815
47.096231 937.852843
47.729481 937.784277
106.407939 908.481940
109.169853 905.730933
115.201986 901.295865
115.214051 901.272451
115.217435 901.271635
115.246428 901.270819
115.261981 901.257052
115.276233 901.237794
115.276235 901.237767
115.276269 901.237737
115.284145 901.237004
115.284148 901.236972
115.284154 901.236788
115.284255 901.236408
115.286264 901.236350
115.304509 901.236268
115.329523 901.236149
115.355489 901.236121
115.359816 901.236092
115.360346 901.236083
115.377617 901.235978
115.543276 901.232539
116.159916 901.216658
121.337239 901.196391
122.991695 901.191992
132.414355 901.191874
134.650480 901.188203
134.948349 901.188110
136.453781 901.187428
136.604560 901.185916
137.248172 901.185866
137.405705 901.185594
137.945531 901.185540
138.118625 901.185537
138.304571 901.185479
138.512436 901.185409
138.525518 901.184361
138.531687 901.183393
138.539535 901.181377
138.573618 901.178454
138.754142 901.174282
165.422300 899.782990
165.438242 899.782442
165.520687 899.782169
165.529220 899.781853
165.556993 899.781497
166.488146 899.781356
166.772862 899.781242
166.964705 899.781236
167.255046 899.781234
167.353021 899.781228
167.377995 899.781212
167.465274 899.781175
167.484947 899.781163
167.534854 899.781161
167.544123 899.781110
167.555257 899.781055
173.458352 899.780728
173.458448 899.773290
173.460464 899.772736
173.465202 899.772588
173.730382 899.767828
175.168675 899.764605
175.603888 899.763517
175.746208 899.763264
180.247173 899.760784
182.200766 899.752959
183.244557 899.751698
183.320944 899.751175
184.999237 899.745303
185.040283 899.742975
185.306055 899.742911
185.358675 899.506009
185.387130 895.350414
185.395287 886.645212
192.682454 885.767461
197.038588 884.830706
208.556549 882.989669
255.260152 882.907009
277.033433 882.211428
289.053104 882.150184
291.016720 882.096662
296.174411 881.906306
296.174479 881.894401
296.175054 881.870471
296.177068 881.868583
296.216361 881.594890
296.319141 881.440825
296.390805 881.440161
297.728525 881.367824
299.431830 881.281406
302.145169 881.228365
303.590597 881.221581
304.369880 881.197248
306.519822 880.004757
308.938869 879.939017
320.453154 879.058242
358.531342 878.899396
388.799237 878.773718
388.895512 878.671578
394.373409 877.653106
459.296519 877.538279
460.651378 811.338411
460.681442 794.249368
460.892991 761.818664
460.938802 759.167671
461.140956 756.625933
463.898391 723.410254
464.489548 722.011711
465.974040 720.016442
466.265693 708.628664
466.916664 586.680954
467.034165 531.593181
467.035411 498.762640
467.049584 498.553357
467.125696 482.108820
467.125831 451.941452
467.172712 449.290673
467.206352 449.029977
467.224660 422.611668
467.239320 422.611577
467.260046 422.611556
467.260979 422.611507
467.262659 422.611506
467.264243 422.611504
467.266159 422.611497
467.275485 422.610923
467.280386 422.609401
467.289466 422.609397
467.290933 422.609311
467.400385 422.608942
467.400726 422.608299
467.402007 422.608287
467.402169 422.608286
467.404267 422.608088
467.404412 422.608047
467.404627 422.608044
467.405155 422.607986
467.420852 422.607934
467.449100 422.607928
467.453395 422.607843
467.454677 422.607827
467.458124 422.607725
467.471256 422.607415
467.478188 422.606988
467.529654 422.606867
467.765290 422.605682
467.771098 422.605475
467.889484 422.605017
468.004745 422.601669
468.054550 422.601518
468.124248 422.586120
469.948259 422.573254
470.082142 422.569155
470.112941 422.544614
470.121034 422.544413
470.121351 422.544188
470.158308 422.543395
470.160242 422.543244
470.160841 422.543241
470.160861 422.543217
470.163942 422.538578
470.165595 422.538109
470.165613 422.538092
470.165616 422.538081
470.165619 422.538061
470.165647 422.538055
470.165771 422.538008
470.165779 422.537976
470.165804 422.537968
470.165851 422.537968
470.165858 422.537964
470.165859 422.537934
470.165869 422.537933
470.165880 422.537932
470.165929 422.537920
470.165977 422.537886
470.166000 422.537846
470.166010 422.537791
470.166014 422.537735
470.166167 422.537458
470.169600 422.537457
470.169805 422.537454
470.170028 422.537454
470.170153 422.537411
470.176989 422.537402
470.193733 422.537395
470.205365 422.537391
470.209231 422.537382
470.212715 422.537370
470.265158 422.537319
470.305890 422.537246
470.372113 422.537139
470.403174 422.513359
471.060542 422.510690
471.902652 422.497036
473.490226 422.337783
477.149112 422.270375
477.257266 422.080399
477.286703 421.632856
477.295534 421.514017
477.371879 421.373703
480.290334 421.360041
480.810405 421.359338
481.038036 421.358385
481.326878 421.357747
481.483588 421.357462
482.322242 421.355248
482.346267 421.355101
482.357378 421.354524
482.378951 421.353787
483.670332 421.339572
484.731919 421.311569
484.790521 421.310732
484.792233 421.310540
484.792237 421.310513
484.792284 421.310497
484.792794 421.310446
484.793276 421.310146
484.793504 421.310132
484.794102 421.310027
484.794419 421.309905
484.797643 421.309755
484.799276 421.309679
485.006147 421.304313
485.013697 421.295953
485.017007 421.291140
485.021126 421.289011
485.097960 421.287560
485.101707 421.287554
485.105529 421.287550
485.115597 421.287511
485.117249 421.287511
485.117315 421.287510
485.117370 421.287510
485.118378 421.287510
485.118812 421.287509
485.120424 421.287496
485.120897 421.287496
485.121683 421.287495
485.148629 421.287462
485.150388 421.287455
485.236765 421.287453
485.260492 421.287453
485.269190 421.287452
485.271302 421.273925
485.272294 421.269670
485.292745 421.268972
485.299779 421.268918
485.304744 421.268885
485.311119 421.268829
485.319967 421.268081
485.320995 421.267977
485.323342 421.263381
485.352810 421.262565
485.357550 421.262561
485.357665 421.262505
485.357845 421.262380
485.357944 421.261873
485.358193 421.261848
485.358217 421.261784
485.358263 421.261731
485.366393 421.259028
485.374637 421.258032
485.392380 421.258026
485.397930 421.257483
485.437672 421.257362
485.450869 421.256881
485.471206 421.256574
485.491067 421.256502
485.491352 421.256475
485.495442 421.256459
485.495715 421.256440
485.495885 421.256416
485.542053 421.256398
485.543193 421.255407
485.546144 421.254519
485.550860 421.253401
485.558189 421.251010
485.568392 421.250067
485.568434 421.248934
485.568437 421.248906
485.568438 421.248883
485.568447 421.248665
485.568451 421.247604
485.624406 421.242941
485.633804 421.242368
485.651889 421.242366
485.652007 421.242360
485.652211 421.242329
485.652621 421.242328
485.652627 421.242327
485.671309 421.242119
485.684177 421.241979
485.684428 421.241686
485.684466 421.241484
485.684474 421.241336
485.685034 421.240661
485.688056 421.240247
485.690181 421.239906
485.693235 421.235977
485.693892 421.221294
485.696921 421.219129
485.709509 421.217978
485.715394 421.210942
485.756639 421.206488
485.758383 421.199960
485.759866 421.177394
485.761702 421.175536
485.780647 421.098132
485.804022 421.094257
485.899699 421.089443
485.903769 421.071608
485.904035 421.068657
485.904039 421.061235
485.904041 421.061123
485.904045 421.060658
485.904138 421.060640
485.904153 421.060568
485.904161 421.060567
485.904162 421.060564
485.904190 421.060345
485.904312 421.060295
485.904563 421.060269
485.904571 421.060236
485.904572 421.060198
485.904644 421.059853
485.906621 421.058414
485.906918 421.057782
485.918014 421.054521
485.918729 421.054420
485.918760 421.053493
485.919254 421.052418
485.919644 421.051037
485.920571 421.049982
485.920760 421.040844
485.920779 421.040539
485.920798 421.040524
485.920799 421.040501
485.920806 421.040488
485.920910 421.040377
485.920945 421.040270
485.924499 421.028046
485.928605 421.027525
485.931710 421.027427
485.932327 421.026137
485.932452 421.013230
485.932683 420.998044
485.934112 420.994777
485.935853 420.987717
486.016038 420.977692
486.884297 420.873828
487.436321 420.104282
487.455838 420.093288
487.462613 420.091616
487.463329 420.091575
487.463358 420.091440
487.463395 420.091440
487.463540 420.091335
487.463560 420.091219
487.468734 420.083790
487.468752 420.075927
487.468956 420.072884
487.475889 420.062624
493.878224 419.922920
494.080451 419.125562
494.111124 419.105972
494.113639 419.010583
494.120855 419.004416
494.121681 418.883762
494.126947 418.882537
494.132644 418.880029
494.188968 418.865307
494.195796 418.848401
494.199601 418.821751
494.210407 418.784555
494.210586 418.780288
494.214583 418.779327
494.217176 418.771927
494.217208 418.761331
494.217271 418.744905
494.217327 418.739542
507.779837 418.544385
507.785173 417.721529
507.787474 417.648172
507.799293 417.485990
508.020408 417.369259
508.063380 417.366050
508.083305 417.364069
508.091451 417.344613
508.093808 417.344485
508.095726 417.342096
508.096732 417.342022
508.099522 417.340885
508.099630 417.340456
508.099634 417.340096
508.099640 417.339304
508.099800 417.339128
508.099842 417.337991
508.122888 417.313264
508.156637 417.295606
508.156875 417.287077
508.157173 417.276863
508.157274 417.152736
508.353811 417.148435
508.373114 417.147895
508.397820 417.146294
511.325915 417.142823
514.310809 417.111237
521.029703 417.044564
523.089500 417.041242
523.730580 417.015800
523.848543 416.577717
523.978711 416.068648
524.133481 416.032870
524.404712 415.641945
524.719827 415.638829
524.742594 415.638339
525.560412 415.590931
525.982623 415.334054
525.992555 415.333221
526.249884 415.332792
526.359339 415.203990
526.446895 415.112673
526.785241 415.081503
526.825443 415.069585
526.830029 415.064036
529.161564 412.446204
530.127648 398.797698
530.137584 393.689468
530.139062 393.208528
530.139421 392.699459
530.174420 392.095615
530.198796 391.621932
530.211209 390.356149
530.678096 388.159089
546.182262 386.261982
546.186116 385.452158
546.187733 384.063285
546.191041 384.062985
546.197574 384.062433
546.198162 384.062257
546.198845 384.062235
546.272726 384.062212
546.308529 384.059715
546.359523 384.058881
546.467755 384.058837
546.489113 384.058827
546.492253 384.058676
546.512913 384.058499
546.553516 384.055623
546.724227 384.029792
546.937736 383.829433
546.943326 383.762298
547.002118 383.761858
547.021140 383.761090
547.049849 383.757926
547.069024 383.755797
547.095114 383.754315
547.124774 383.745324
547.390830 383.745085
547.490658 383.662468
547.790511 383.530096
547.877662 383.384186
547.923594 383.027163
547.942418 381.998670
547.945877 381.887753
547.950200 381.887068
547.953362 381.176918
547.956305 381.118374
547.996624 380.249123
548.031130 379.573009
548.054720 379.215988
548.079477 378.384473
548.082927 377.672797
548.084811 377.555816
548.097945 376.483885
548.101426 376.479294
548.106706 376.479148
548.106715 376.395626
548.106734 376.315212
548.106778 376.297069
548.106801 375.812477
548.106821 375.050730
548.123182 374.709531
548.206885 373.021760
548.268756 372.468922
548.364536 372.211336
548.382137 372.100756
548.425848 371.805847
548.426652 370.497000
548.427444 370.486767
548.429631 370.458488
548.429793 370.132998
548.429802 369.894546
548.429822 369.848684
549.233351 369.744825
550.207365 369.712265
550.292596 369.687658
550.351018 369.686414
550.663177 369.651505
550.972230 369.586481
553.061669 368.823200
554.356643 368.417585
554.358320 368.417510
554.359942 368.417036
554.433298 368.416136
554.879555 368.414866
555.090954 368.346415
555.094383 368.340353
555.097310 368.338943
555.097384 368.338004
555.097978 368.336691
555.100463 368.334324
555.110660 368.331234
555.113557 368.326947
555.125669 368.313423
555.154155 368.299865
555.170221 368.105276
555.425882 368.004043
555.542051 367.963492
555.842231 367.870316
558.083647 366.978942
558.108542 366.914712
558.136739 366.664234
558.527204 366.238718
561.813642 363.493250
562.167443 363.429265
564.672346 363.384131
564.926825 362.970988
564.960258 362.791596
564.962296 362.560453
564.970711 362.557865
566.144001 362.541417
566.273017 362.540793
567.089398 362.538691
567.228026 362.536860
567.361052 362.507700
567.450447 362.448656
568.134278 362.448130
568.786219 362.444196
568.926359 362.380182
569.435257 362.141720
569.537254 362.116815
569.560809 362.081689
569.704906 362.036335
569.785466 362.022749
569.786044 362.022743
569.797962 362.022693
569.799551 362.022680
569.800281 362.022572
569.804890 362.022563
569.806818 362.021910
569.807132 362.021708
569.811008 362.021536
569.811985 362.021095
569.818190 362.020928
569.837801 362.020904
569.844521 362.018300
569.844753 362.008613
569.844796 362.007000
569.845193 362.006915
569.845203 362.006875
569.868721 361.992839
569.869345 361.992706
569.869359 361.992699
569.870315 361.992289
569.873506 361.992257
569.904266 361.992185
569.909535 361.992087
569.922402 361.989817
569.923282 361.989797
569.933358 361.981147
569.954615 361.980149
569.970586 361.976630
569.976383 361.941668
569.978277 361.923638
569.979327 361.912462
569.979738 361.903931
569.986927 361.899495
569.988652 361.899184
570.005495 361.898953
570.048432 361.895675
570.057404 361.895659
570.150054 361.895647
570.164938 361.895579
570.189230 361.894941
570.192228 361.894305
570.201670 361.894165
570.318800 361.891398
570.338911 361.891092
570.354084 361.890994
570.440964 361.890965
570.442184 361.890169
570.453815 361.889808
570.456443 361.889771
570.462980 361.889680
570.464721 361.889493
570.473887 361.886212
570.474440 361.886179
570.476875 361.886174
570.477383 361.886093
570.478689 361.885951
570.479186 361.885917
570.479209 361.885872
570.479532 361.885872
570.482352 361.885695
570.482416 361.885685
570.485229 361.885671
570.485489 361.881786
570.486387 361.881553
570.488755 361.878536
570.489267 361.876386
570.493940 361.876260
570.498576 361.856062
570.506453 361.852815
570.680541 361.842652
570.684517 361.829251
570.696830 361.809859
570.702881 361.806696
571.262997 361.731855
571.375770 361.620730
571.529544 361.374392
571.591374 361.355756
573.099911 361.254012
573.101771 361.243334
573.102060 361.236510
573.149237 361.209177
573.151826 361.192632
573.151950 361.154415
573.153953 361.152408
573.167639 361.139436
573.168163 361.137577
573.170277 361.137561
573.171940 361.137530
573.171995 361.133958
573.171996 361.133913
573.172085 361.133029
573.194107 361.132390
573.201351 361.131864
573.230507 361.125403
573.251593 361.120117
573.253240 361.119949
573.253310 361.119903
573.253444 361.119903
573.254109 361.119902
573.254255 361.119733
573.255027 361.119695
573.255235 361.119694
573.255515 361.119692
573.255625 361.119686
573.258557 361.119685
573.261611 361.118883
573.265140 361.111010
573.322483 361.109034
573.345762 361.102190
573.345951 361.102069
573.351235 361.101344
573.352573 361.100466
573.352772 361.100281
573.437171 361.098305
573.451294 361.094229
573.454328 361.093334
573.631826 361.050316
573.780068 361.049802
573.793005 361.045775
573.793878 361.043370
573.793921 361.033983
573.799900 361.033278
573.808196 361.027680
573.808243 361.025899
573.812632 361.025101
573.833621 361.023579
573.843807 361.017391
573.865429 360.960388
573.865604 360.929261
573.867151 360.904974
573.879504 360.854978
573.879525 360.840037
573.879833 360.822145
573.879944 360.815505
573.883819 360.786552
573.887454 360.737040
573.890506 360.706210
573.891294 360.702845
574.021696 360.409021
574.133293 360.405006
574.135490 360.382881
574.135834 360.373636
574.140099 360.345094
574.199021 360.306863
574.266877 360.304444
574.266884 360.303828
574.424782 360.301702
574.570524 360.290446
574.581031 360.261683
574.681495 360.245395
574.704976 360.239227
574.722310 360.238256
574.725768 360.234011
574.729771 360.199322
574.733614 360.199207
574.739807 360.193687
574.746163 360.193683
574.747114 360.193678
574.747343 360.193662
574.748172 360.193652
574.748405 360.193651
574.749135 360.193646
574.750455 360.193642
574.750519 360.193367
574.750807 360.193345
574.752046 360.193316
574.752348 360.193297
574.752402 360.193065
574.752543 360.193017
574.752746 360.192926
574.761002 360.192687
574.774471 360.182672
574.782505 360.174301
574.783149 360.174140
574.783200 360.172012
574.783578 360.169950
574.785286 360.169507
574.785291 360.164253
574.785296 360.163010
574.785812 360.162855
574.786703 360.161088
574.788022 360.159600
574.942139 360.150216
574.953827 360.143866
575.059664 360.100409
575.069444 360.078817
575.125044 360.072934
575.250105 360.066310
575.481637 360.064660
575.571867 360.050112
576.367785 360.001011
576.537299 359.961088
579.085674 359.705072
579.488529 359.575400
579.537967 359.522719
580.167894 359.208961
581.031611 359.189080
581.040789 359.049592
581.043600 359.046330
581.045885 358.985370
581.064705 358.834228
581.526871 358.781672
582.051462 358.424049
582.864635 358.176689
684.549657 357.361722
697.923002 357.355251
744.041988 357.279094
747.220297 357.055134
747.402109 356.803265
750.781270 356.752459
750.926408 356.750227
751.148503 356.735089
754.168565 356.722977
845.671899 355.331371
880.306531 354.560584
884.056416 352.244599
884.383614 350.121703
884.543998 350.121662
884.589149 350.121218
886.706052 350.068271
886.847923 350.033675
886.849482 349.968146
886.978254 349.964533
886.978518 349.964204
886.978650 349.962920
887.058733 349.951442
893.150644 349.797602
893.481474 349.797515
893.488324 349.797334
894.463533 349.796641
895.025548 349.787919
896.042315 349.786136
901.891970 349.785354
902.293149 349.784762
925.326490 349.784403
926.819868 349.784250
928.461511 349.783789
939.893696 349.783337
951.206514 349.781333
951.214084 349.780784
951.216252 349.780179
951.217722 349.780157
951.221114 349.779804
951.277440 349.779456
951.306929 349.779331
951.315854 349.778843
951.558684 349.778804
951.562060 349.651787
951.576162 349.501443
951.584473 349.440458
951.599561 349.431772
951.732274 349.418710
951.863762 349.398380
951.912403 349.339790
951.923128 349.338671
952.088622 349.338632
952.121965 349.337135
952.125860 349.337133
952.138144 349.337127
952.173579 349.337118
952.234212 349.336273
952.398491 349.335966
952.420370 349.335542
952.423795 349.335214
952.451677 349.334721
952.462900 349.334655
952.462917 349.334623
952.463239 349.334615
952.463442 349.334417
952.472995 349.334267
952.574313 349.332412
952.629707 349.332110
952.722060 349.330733
952.800896 349.315199
952.812061 349.093147
952.914210 349.091872
952.928835 349.090974
953.250490 349.078232
953.262935 349.064836
953.514179 349.061196
953.580570 349.059646
953.810517 349.058669
953.930752 349.056312
953.940623 349.056199
953.940988 349.056030
953.941231 349.056022
953.941471 349.056005
953.952255 349.055604
953.952820 349.055554
953.953045 349.055502
954.009214 349.055390
954.051759 349.054971
954.056916 349.054844
954.058884 349.054760
954.490933 349.027359
956.073901 348.998488
956.343866 348.997371
957.420857 348.997201
957.803909 348.972538
960.130826 348.972234
960.668963 348.969265
960.945237 348.868110
961.000044 348.827299
961.006156 348.815103
961.006525 348.801840
961.009766 348.792518
963.382214 348.297622
970.831317 348.293974
972.575503 343.409110
972.633684 341.089070
972.755425 340.841186
975.787056 340.236884
977.580826 339.710264
977.589896 339.704951
977.689937 339.683686
977.707781 339.608707
977.726277 339.089221
979.133887 338.749918
979.198281 338.693015
979.580762 338.470123
979.600541 338.437758
979.672759 338.433985
979.712471 338.095088
979.723122 338.094265
979.725018 338.094173
979.725394 338.094157
979.725412 338.094150
979.725814 338.094116
979.736424 338.093994
979.738341 338.093952
979.738351 338.093861
979.738378 338.093855
979.738391 338.093834
979.738615 338.093451
979.753447 338.046255
979.755113 338.045615
979.760122 338.044217
979.762883 338.017091
979.764111 338.008249
979.968961 338.005376
979.977136 338.005298
979.983182 338.005261
979.983332 338.005238
979.985049 338.005224
979.998185 338.004043
979.998762 338.003566
980.002384 338.003455
980.002760 338.002824
980.004525 338.001414
980.004852 337.993776
980.004855 337.993769
980.004869 337.993765
980.004891 337.993754
980.004899 337.993711
980.004899 337.993711
980.046223 337.993522
980.061678 337.993342
980.099049 337.993149
980.321059 337.691163
981.741158 335.310227
981.759216 333.553728
981.858360 331.824269
981.929939 327.402188
981.941640 325.258694
981.964325 324.399596
982.004429 322.815675
982.033802 322.806375
982.066996 322.349528
982.069886 321.934406
982.071862 321.776447
982.120578 317.637862
982.120896 317.272177
982.121264 315.282036
982.130707 310.050117
982.132353 309.705347
982.134231 309.240971
982.134909 308.958405
982.135019 308.727794
982.136131 306.877989
982.147183 303.586950
982.148911 303.487225
982.148947 303.353233
982.149709 303.027529
982.154387 297.605910
982.155739 295.734252
982.164595 295.612664
982.167789 295.448831
982.171713 292.664320
982.196854 290.558910
989.427661 262.401110
991.158384 233.440226
994.566675 231.806334
995.486314 230.733915
998.206302 218.731139
998.206303 211.642086
998.221686 209.593481
998.226435 205.248428
998.235123 189.467873
998.602347 187.118450
999.010221 168.847108
999.291578 157.783393
999.297512 147.546157
999.298167 144.230498
999.457402 129.051290
999.602289 124.919284
999.612240 123.527958
999.615119 122.013456
999.619101 120.592764
999.619357 119.365664
999.628789 116.060232
999.633036 115.816059
999.638117 115.776535
999.648635 115.554751
999.654370 115.464998
999.654422 115.292749
999.655157 115.272824
999.656658 115.267596
999.659645 115.265201
999.664674 115.264939
999.665698 115.264739
999.665719 115.263406
999.665909 115.253641
999.666209 115.245847
999.667190 115.237370
999.667328 115.226756
999.790254 112.720708
999.833033 102.962924
999.834249 64.190518
999.865381 62.988696
999.883598 59.738651
999.913271 59.615524
999.913891 54.628519
999.913945 54.427628
999.913953 53.943128
999.914581 53.222020
999.914674 52.766928
999.915006 52.602687
999.915027 49.959375
999.922360 26.283812
999.923377 20.017170
999.924875 19.734897
999.924951 19.410301
999.925072 19.004143
999.939888 1.550062
999.947393 0.967964
999.959923 0.870350
999.965540 0.778028
