1000.000000 2.000000
0.317252 999.968700
0.346782 999.958992
17.667561 999.877930
18.004549 999.876385
18.039393 999.876252
18.264944 999.875865
18.349976 999.875455
18.677793 999.846905
19.506033 999.846500
19.524347 999.837595
19.736967 999.832164
20.021003 999.828509
47.102685 999.814107
47.603776 994.567271
50.750232 991.053161
53.431552 991.044606
54.917855 991.038248
55.368552 991.037521
57.359537 991.025665
57.486263 991.025459
61.565658 990.913180
61.566485 990.879769
61.570155 990.850325
61.580503 990.850135
61.586474 990.849922
61.588048 990.849922
61.592234 990.849650
61.598217 990.848362
61.603289 990.847196
72.985293 990.751672
73.334786 990.714442
73.335141 990.713852
73.335359 990.710325
73.336172 990.709722
73.336224 990.708836
73.336388 990.708810
73.336407 990.708805
73.336446 990.708788
73.336451 990.708788
73.336452 990.708786
73.336614 990.708752
73.336664 990.707253
73.337180 990.707252
73.337589 990.707245
73.338190 990.707244
73.338217 990.707243
73.342594 990.706218
73.342950 990.706061
73.343076 990.705967
73.343738 990.705962
73.343834 990.705941
73.344111 990.705901
73.344375 990.705880
73.345391 990.705858
73.346370 990.705705
73.346889 990.705419
73.350175 990.699860
73.359870 990.685808
73.395381 990.680280
73.474540 990.676243
73.607352 990.619180
74.469576 990.616901
75.061980 990.612426
75.312148 990.611442
77.908401 990.610218
78.922931 990.608699
79.061691 990.602410
80.671855 990.550167
81.186241 990.535062
81.761463 990.527348
82.074427 990.461530
82.343160 990.459916
83.709632 990.456089
85.752855 990.452640
85.902205 990.431317
85.951053 990.414423
85.973946 990.411753
86.026712 990.377502
86.037755 990.371363
86.042298 990.371273
86.064830 990.369418
86.082900 990.368049
86.185085 990.356482
86.406380 990.334791
99.706863 990.291382
106.652084 989.876171
106.820833 989.755288
106.922054 989.658246
107.651431 989.630136
108.362903 989.578822
110.310809 989.472903
133.900296 989.447264
137.518876 989.446096
138.853320 989.445448
139.150105 989.441936
139.249623 989.428220
143.013960 988.342681
176.255943 987.738866
187.973865 977.254186
189.359022 971.030773
189.857223 969.171271
190.526284 968.668993
190.661230 968.558699
191.126213 968.270881
195.335650 967.551883
195.336617 967.550547
195.337274 967.550084
195.472366 967.549835
195.601300 967.528188
196.445722 967.528069
196.652457 967.522814
197.126310 967.521159
197.171043 967.520680
197.176781 967.520654
197.213435 967.520607
197.233548 967.520562
197.259796 967.520144
197.323220 967.519785
197.344234 967.519777
197.417031 967.519757
197.490405 967.519689
197.572436 967.519155
197.600673 967.518191
197.785112 967.517678
197.865667 967.516844
197.908143 967.514213
197.954857 967.510007
197.975385 967.508084
197.976986 967.505368
197.990953 967.502682
198.663275 967.488506
198.920564 967.487815
198.922428 967.487766
199.097099 967.487707
199.105976 967.487633
199.106003 967.487617
199.231404 967.487588
199.653411 967.487467
199.720686 967.487441
199.928454 967.435120
200.001620 967.428336
200.032373 967.394858
200.074604 967.376327
200.089783 967.352099
200.138969 967.351333
202.245230 967.350603
202.714280 967.334979
203.718200 967.334617
204.189236 967.333865
204.263879 967.332485
204.320930 967.331841
204.323592 967.329035
204.330503 967.329013
204.340443 967.328977
204.405680 967.323326
204.432036 967.323008
204.481715 967.322689
204.502303 967.321412
204.930589 967.320871
205.815073 967.320592
206.851487 967.320548
206.856772 967.320472
207.469694 967.318974
208.210964 967.304972
208.212083 967.294731
208.258262 967.287545
208.292551 967.281015
209.962059 967.261684
210.581403 967.260306
213.838608 967.219125
215.398488 967.179221
217.877929 967.148289
241.737648 967.136985
242.062363 967.054483
244.197810 967.033257
244.211861 966.935265
244.212380 966.881352
244.346774 966.863376
244.448586 966.801653
270.693566 966.451042
271.135059 964.904198
271.699222 964.778281
271.752076 964.747469
271.752239 964.739639
271.753901 964.739196
271.756896 964.737262
271.756933 964.714719
271.756968 964.712236
271.756977 964.710090
271.756977 964.702757
271.756978 964.700063
271.756978 964.688581
271.756978 964.686130
271.757011 964.686007
271.757024 964.685833
271.757030 964.685828
271.757035 964.685816
271.757038 964.685811
271.763209 964.685723
271.763245 964.685719
271.763466 964.685653
271.763668 964.685649
271.763825 964.685532
271.764487 964.685291
271.837632 964.684609
272.462672 964.675831
273.294216 964.667713
273.299296 964.666721
273.299927 964.665927
273.308841 964.665731
273.308962 964.664826
273.318943 964.664627
273.323118 964.664406
273.326653 964.664401
273.328109 964.664313
273.328126 964.664153
273.328126 964.663708
273.328148 964.663689
273.328494 964.663689
273.347855 964.663464
273.356092 964.663428
273.356820 964.663378
273.357100 964.663331
273.371814 964.662717
273.372472 964.654854
273.393752 964.650279
273.399611 964.649896
273.401031 964.644052
273.401149 964.643018
273.401337 964.638016
275.829218 964.530459
277.124410 964.338763
279.176095 964.124735
279.176563 963.882363
279.176795 963.727297
279.177998 963.696578
279.179162 963.695082
279.182769 963.695080
279.184155 963.695066
279.184370 963.694982
279.184614 963.694905
279.184725 963.694517
279.188439 963.691942
279.237296 963.677541
279.237413 963.593393
279.237485 963.509472
279.237768 963.500058
279.242568 963.390084
279.255047 963.338538
279.807512 963.062283
280.029661 962.943394
280.029719 962.934438
280.029724 962.930657
280.029725 962.921376
280.029828 962.917426
280.030564 962.904846
280.041449 962.804020
280.052834 962.661807
280.058628 962.642116
280.059179 962.625604
280.059887 962.609254
280.060981 962.599973
280.065214 962.592913
280.065649 962.451081
280.066253 962.352418
280.076380 962.344992
280.079777 962.342359
280.083936 962.338647
280.086379 962.338514
280.087160 962.337099
280.101647 962.328148
280.148685 962.325693
280.161467 962.324065
280.168658 962.303488
280.168674 962.303482
280.168717 962.303479
280.168962 962.303477
280.169660 962.303458
280.170150 962.302537
280.170287 962.302099
280.170304 962.301251
280.170498 962.300584
280.177258 962.292185
280.191934 962.287563
280.192042 962.287561
280.192173 962.287511
280.192183 962.287238
280.192188 962.287024
280.192191 962.287018
280.192199 962.287016
280.192205 962.286998
280.195617 962.286660
280.200252 962.276939
280.200897 962.032438
280.200917 961.952975
280.201647 961.947257
280.201798 961.936660
280.201821 961.934396
280.201861 961.930394
280.201967 961.927377
280.201970 961.865882
280.201987 961.858679
280.201997 961.820372
280.202229 961.809119
280.202306 961.790742
280.202309 961.789247
280.202310 961.786540
280.202310 961.786493
280.202310 961.786489
280.202311 961.786093
280.202335 961.772974
280.202356 961.770887
280.202782 961.760527
280.203070 961.697970
280.203124 961.694393
280.203142 961.694259
280.203316 961.693046
280.204656 961.687353
280.204689 961.687345
280.204691 961.686851
280.204746 961.685678
280.204746 961.683567
280.204747 961.683024
280.204748 961.682267
280.239675 960.632678
280.722393 959.583398
280.742180 953.263522
280.971408 952.881873
281.292859 950.010192
281.536848 949.252544
281.937603 947.354538
284.235076 944.966302
285.657622 944.963486
287.838237 944.953461
290.168431 944.939434
290.236468 944.906113
290.501194 944.633109
290.981244 943.288245
291.012357 943.128249
291.017728 943.127241
291.029095 943.121923
291.066772 942.912184
291.202542 942.862427
291.233195 942.779573
291.238059 942.736327
291.375786 942.530455
291.376706 942.523124
291.376773 942.522495
291.449210 942.511519
291.494219 942.375031
291.494757 942.367303
291.494768 942.366722
291.514616 942.230078
291.525345 942.221346
291.528331 942.215430
291.529144 942.214491
291.568617 942.212578
291.569247 942.212051
291.569644 942.207812
291.572542 942.203152
291.601822 942.202832
291.648197 942.201406
291.666231 942.138451
291.681597 942.036083
291.681605 942.035543
291.681639 942.034547
291.681744 942.033236
291.683419 942.030976
291.683952 942.026006
291.686294 942.025320
291.686524 942.016113
291.686636 942.009578
291.726516 941.474268
291.842149 937.805715
291.854073 937.800023
291.854211 937.641957
291.875210 937.560436
291.890411 937.531458
292.060433 935.117091
292.293008 934.049060
292.322539 933.282884
292.324196 933.278021
292.324558 933.233741
292.326211 933.116265
292.369565 933.113541
292.673585 931.936328
292.682683 931.360665
292.795024 931.268913
292.815620 931.038517
292.866164 930.922627
293.200602 930.916995
293.232154 930.912901
293.261224 930.508880
293.321895 930.350711
293.325535 930.207333
293.327968 930.160560
293.328696 929.872289
293.330850 929.431303
293.332707 929.022295
293.333395 928.819268
293.333875 928.776891
293.334995 928.747764
293.335282 928.661346
293.348430 928.638325
293.350208 928.598585
293.350908 928.592163
293.351032 928.572432
293.357091 928.499095
293.369083 928.427632
293.399287 928.389292
293.401403 928.382049
293.410535 928.336431
293.412964 928.075638
293.414447 927.992974
293.440230 927.175530
293.522257 926.398183
293.553536 924.801976
293.602718 924.644310
293.962786 918.070114
294.126724 917.981741
294.244042 917.763800
294.484077 916.993554
295.850926 915.522066
296.957713 915.503323
299.340157 914.509801
300.441531 911.846836
309.683548 908.330239
309.734791 901.766136
310.205955 893.114677
310.395327 889.116162
343.840180 886.882754
344.009622 886.614853
344.328267 885.771329
344.329847 885.690453
344.345542 885.551343
344.439576 885.546656
344.448852 885.486572
344.481125 885.443529
344.588846 885.046786
344.928441 884.626903
345.152668 884.556812
345.226851 879.656399
345.277607 876.490312
345.279765 875.733186
345.284031 874.897001
345.285565 874.815774
345.287309 874.775869
345.289380 874.774586
345.297688 873.655135
345.442237 873.507201
345.452883 872.391919
345.455585 870.837205
346.193183 865.027478
346.245034 864.541151
346.245199 864.541151
346.248460 864.541036
346.249709 864.540635
346.253455 864.540577
346.255163 864.540547
346.256373 864.281038
346.331123 856.264963
346.446355 855.984585
346.470734 855.662561
346.483738 855.636014
346.494374 854.828129
346.583833 854.664434
346.664990 854.645702
346.678760 854.640364
346.678784 854.117101
346.679669 853.349509
346.680934 853.346035
346.681887 853.317241
346.692572 853.239266
346.711896 853.026594
346.742548 852.927002
346.765391 851.856361
353.327796 813.620777
357.474413 800.794897
358.983665 781.344804
364.700188 775.637486
364.888067 773.780630
365.042300 771.875585
366.497728 768.873445
380.174609 766.821774
381.531930 766.670849
381.587732 766.482675
381.638549 766.148512
381.655918 766.117118
381.805763 766.113204
384.024941 765.524040
390.951033 764.248642
397.116196 762.705371
397.677408 745.530468
398.095318 708.842644
398.260420 701.040520
398.294514 648.942645
398.433337 635.577226
398.464089 609.424107
398.896059 603.489678
398.909619 585.469703
402.893291 574.383043
404.538681 537.976836
410.918152 537.587349
416.411618 529.082466
432.943099 518.469993
461.797553 518.308126
465.037061 518.298899
465.038980 518.088555
466.124486 518.054897
488.227078 517.762963
488.362799 517.638272
491.498521 517.630918
493.724517 517.548002
494.155206 517.413308
494.845738 517.403268
495.290134 517.399721
495.293184 517.387598
495.434934 517.382468
495.441673 517.382296
495.447210 517.381076
495.454999 517.375253
495.461861 517.374365
495.504025 517.367280
495.644914 517.367247
502.915256 517.356794
519.829571 517.334818
528.754712 517.285846
530.891355 517.009086
531.057098 516.954865
544.121201 516.948182
548.426841 516.947842
549.466169 516.947517
556.453743 516.947058
559.996731 516.942692
560.554458 516.941616
562.108785 516.941504
562.394861 515.849312
565.976520 514.426989
581.032802 514.084018
641.617531 512.118399
642.123024 512.012196
643.116148 509.903635
645.828586 509.093012
675.942498 505.174468
710.819147 504.464281
740.585248 501.617165
777.322378 501.604528
779.076791 500.856169
779.498838 500.617746
787.037040 492.377703
787.283155 476.187002
787.616446 458.291820
787.955129 457.377633
788.215773 456.884384
788.569837 455.230969
788.614230 454.879445
788.627999 454.549208
788.640937 453.190747
788.747228 451.113444
788.747687 451.058057
788.756856 451.036989
788.763423 450.960249
788.981914 448.053468
789.431120 447.918544
789.776817 447.606749
789.793516 447.169630
789.873858 446.575993
789.902000 444.644804
789.910003 444.640172
790.022454 444.607175
790.041394 444.209996
790.043731 444.100279
790.049008 443.932707
790.049604 443.931520
790.049705 443.930205
790.057843 443.884993
790.106873 443.217941
790.185828 443.215311
790.187950 443.214918
790.280778 443.202445
790.306889 443.202327
790.352957 443.201954
790.379564 443.198121
790.385629 443.197047
790.389392 443.194800
790.411620 443.191999
790.521377 443.185268
790.566256 443.182048
790.566861 443.182027
790.567051 443.182024
790.567978 443.182020
790.577210 443.181817
790.601271 443.181057
791.095027 443.115744
792.654873 443.103029
792.662464 443.096551
792.663704 443.093957
792.665652 443.093393
792.665973 443.092986
792.672347 443.092112
792.679271 443.091925
792.684247 443.091844
792.684641 443.091745
792.698296 443.091167
792.704572 443.088974
792.716196 443.087820
792.739250 443.083886
792.755974 443.074379
792.757035 443.073830
792.757176 443.069199
792.757503 443.069171
792.757687 443.068947
792.758437 443.060206
792.762009 443.053064
792.763143 442.962701
792.764941 442.939016
792.765428 442.938767
792.765649 442.931849
792.765932 442.926439
792.768394 442.918462
792.769117 442.910521
792.769119 442.888101
792.769739 442.868675
792.769986 442.868620
792.770608 442.868128
792.770844 442.863416
792.771506 442.844502
792.844144 442.823726
792.853143 442.683712
792.857270 442.683688
792.857533 442.683575
792.860125 442.683134
792.861227 442.683105
792.862697 442.683084
792.869622 442.682827
792.881349 442.680620
792.890274 442.622297
793.103524 442.597688
793.501482 442.560802
793.524745 442.558381
793.525765 442.545404
793.529915 442.545395
793.530826 442.545338
793.531347 442.545307
793.531613 442.545299
793.531818 442.545274
793.532834 442.545264
793.536215 442.545217
793.540185 442.545188
793.617428 442.545123
793.683358 442.510764
793.761610 442.498144
793.772475 442.497220
793.775463 442.496902
793.785503 442.492091
793.787201 442.490944
793.790025 442.490534
793.811245 442.490178
793.813928 442.487051
793.871404 442.411706
795.231816 442.345715
795.250221 442.319267
795.343006 442.316514
795.368534 442.301077
795.372766 442.268425
795.378034 442.225219
795.414099 442.214854
795.415342 442.211849
795.521517 442.202993
795.564577 442.202876
795.565424 442.202869
795.566153 442.202866
795.566519 442.202809
795.572532 442.202649
795.609674 442.202146
795.726568 442.201524
795.742646 442.201284
795.749564 442.201081
795.754451 442.200911
795.784896 442.005759
795.822782 442.004235
796.049550 441.998806
796.088599 441.976327
796.130559 441.970563
796.138283 441.963061
796.154164 441.856063
796.154433 441.810421
796.162572 441.798510
796.183663 441.676407
796.276541 441.639379
796.287686 441.627797
796.292184 441.608792
796.297584 441.586167
796.300296 441.556787
796.522068 441.454570
800.173324 435.747068
800.191914 434.677017
800.338478 433.242899
805.275171 399.589629
806.856834 399.475461
808.841436 399.466163
809.487973 399.397271
810.014244 399.339929
810.095853 399.170085
810.153239 398.967199
810.167081 398.954308
810.351762 398.715843
811.749580 398.473721
821.282092 256.327488
842.212561 221.234167
850.044792 132.463190
850.077655 131.199400
852.206617 74.913712
852.338930 74.894305
852.351027 74.891774
852.356325 74.891213
852.365626 74.891199
852.395004 74.868486
852.396439 74.730213
852.399739 74.730121
852.409850 74.728697
852.571744 74.726131
853.094110 74.699857
853.109147 74.699181
853.110416 74.698207
853.114778 74.689732
853.116527 74.689183
853.159781 74.629014
853.162319 74.619658
853.170265 74.618964
853.172097 74.617251
853.172406 74.609410
853.184663 74.603882
853.276830 74.564235
854.368448 74.549182
854.863325 74.504181
854.990957 73.875423
855.008388 73.867819
855.179908 73.865221
855.193614 73.723700
855.604650 73.588579
855.625278 73.467573
855.760207 73.237543
855.883532 73.185715
856.025669 73.161473
856.085336 72.971673
856.093109 72.952160
856.120009 72.859347
856.186549 72.790101
856.367138 72.640873
856.415078 72.593411
856.950913 72.117028
857.217599 72.096202
857.279344 72.017231
857.308225 71.983712
857.353108 71.920359
857.440440 71.902552
858.555572 65.511023
858.792224 63.300398
859.257883 61.641781
859.886094 61.199276
865.129254 57.768071
872.695211 57.741422
874.730475 57.741262
878.545146 57.739869
884.954673 57.738829
889.184400 56.889873
889.784600 56.873159
889.819125 56.727019
893.541933 56.701590
893.542163 56.697864
893.543081 56.689518
893.543183 56.681206
893.543965 56.665071
893.574189 56.652319
893.624673 56.650921
893.674293 56.648762
893.696303 56.646510
893.782364 56.622217
893.855886 56.615567
893.996244 56.614615
894.136262 56.611984
894.309853 56.610991
894.336665 56.589876
894.434410 56.583657
894.658200 56.372664
894.726652 56.112671
894.856206 56.104439
894.881516 56.015060
894.920133 56.010623
895.198373 56.002940
895.199608 56.001786
895.470709 55.999554
895.539348 55.999204
895.540544 55.999127
895.542348 55.999080
895.726320 55.895213
895.726888 55.895209
895.740023 55.893068
895.741840 55.891361
895.765414 55.888006
896.011582 55.886855
896.019259 55.885710
896.044193 55.885384
896.047392 55.885303
896.047783 55.885273
896.071555 55.884773
896.071575 55.881973
896.071669 55.881852
896.071821 55.881795
896.097297 55.881403
896.205612 55.880427
896.235095 55.877505
896.299658 55.797663
896.729677 55.792038
896.752368 55.788242
897.022721 55.757520
897.525391 55.751859
897.545342 55.751850
897.553739 55.747818
897.564136 55.739894
897.664921 55.737674
897.665937 55.737483
897.667008 55.736652
897.668608 55.734216
897.671041 55.734202
897.674528 55.731866
897.679733 55.730754
897.679826 55.730480
897.679897 55.729458
897.683046 55.729424
897.683739 55.729375
901.409826 55.600313
902.241805 55.508795
902.249289 55.506594
902.249386 55.506591
902.250399 55.506590
902.251893 55.506573
902.251920 55.506191
902.252606 55.506188
902.253417 55.506187
902.253923 55.506182
902.253924 55.506180
902.253929 55.506179
902.254055 55.506176
902.254100 55.506172
902.254101 55.506170
902.254101 55.506170
902.254102 55.506157
902.254114 55.506153
902.254129 55.506148
902.254133 55.506137
902.254282 55.506132
902.254285 55.506128
902.254285 55.506109
902.254286 55.506107
902.254289 55.506103
902.254304 55.506046
902.254327 55.505929
902.346379 55.504342
902.347188 55.500843
902.349984 55.500739
902.351708 55.500716
902.352762 55.500713
902.352914 55.500711
902.353472 55.500708
902.353699 55.500708
902.366208 55.499554
902.367235 55.498747
902.384563 55.498132
902.389054 55.498078
902.398172 55.498030
902.436446 55.493809
902.441681 55.492199
902.442318 55.492147
902.442809 55.492087
902.442851 55.492027
902.443088 55.492018
902.459527 55.491655
902.464251 55.491114
902.464624 55.490773
902.472627 55.490770
902.473436 55.490770
902.484309 55.490668
902.484903 55.489121
902.543064 55.473886
903.284604 55.466023
903.479432 55.420818
903.587239 55.417067
903.627880 55.412748
904.346679 55.412094
904.364014 55.411604
904.383552 55.390280
904.603645 55.375267
904.647645 55.357170
904.652891 55.354571
904.671562 55.353987
904.673216 55.352048
904.718868 55.331568
904.774326 55.329684
904.887132 55.328918
904.953451 55.328323
904.953625 55.326046
904.982715 55.325320
905.004869 55.298412
905.006749 55.290617
905.013829 55.251198
905.024403 55.227404
905.048857 55.160027
905.124213 55.092100
905.267631 55.080912
905.332833 55.079993
905.401043 55.059269
905.421390 55.029090
905.422552 54.993894
905.455445 54.993227
905.752688 53.222219
906.137707 51.442376
906.386135 51.219907
906.480988 41.616515
906.498254 41.582448
906.617758 35.603622
906.649080 29.809320
906.672742 29.577854
906.685572 29.577527
906.699621 29.574860
906.707733 29.571388
906.708547 29.516468
906.711063 29.381938
907.291866 21.977590
907.293090 21.009160
907.297715 20.756728
907.298519 20.329041
907.318170 20.306812
907.391021 20.243610
907.392749 20.239693
907.399319 20.227010
907.411370 16.245096
907.420312 15.935371
907.421112 15.597880
907.421585 15.529340
907.423967 14.705871
907.424170 14.236136
907.426025 13.913962
907.426470 12.554103
907.427113 12.526779
907.427416 12.451264
907.427432 12.236960
907.428022 12.042453
907.428705 11.746377
907.428765 11.371832
907.435280 8.731784
907.435844 4.189942
907.446123 4.002723
907.446195 3.962966
907.446430 3.959138
907.446620 3.815665
907.446624 3.731050
907.451492 3.664593
907.455395 3.573203
907.456640 3.561903
907.457224 3.561233
907.457258 3.552185
907.457784 3.538107
907.458194 3.518737
907.458202 3.517615
907.458393 3.494835
907.948487 3.087012
908.850479 3.029740
908.857788 2.666638
909.619267 2.662788
910.133704 2.660573
915.520906 2.642776
916.009163 2.631865
916.170152 2.627496
916.594091 2.625651
916.915995 2.625539
916.930463 2.625538
916.933604 2.625521
916.945799 2.625519
916.976702 2.625479
943.745090 2.201383
945.488750 2.118134
946.424474 2.066029
972.093453 1.649429
979.314519 1.251453
980.136028 1.233864
980.746330 1.064679
982.795297 1.060794
983.399983 0.600315
984.073781 0.537004
984.165954 0.490371
984.182834 0.471037
984.191847 0.422604
984.368806 0.258126
999.193718 0.234294
999.232080 0.219332
999.470021 0.175837
999.532246 0.104126
999.905064 0.003876
