1000.000000 2.000000
0.000575 999.607572
0.000933 999.607493
0.001004 999.607453
0.001131 999.607352
0.001662 999.551406
0.001886 999.525520
0.001891 999.503902
0.002483 999.503093
0.002507 999.502944
0.002835 999.442502
0.003456 999.388051
0.005383 999.094462
0.005399 999.017898
0.005401 999.013019
0.005424 998.905592
0.005470 998.857552
0.005480 998.573586
0.005546 998.497464
0.005644 998.328402
0.006005 998.219711
0.006579 997.815311
0.006846 997.804228
0.006856 997.775109
0.006865 997.621540
0.006866 997.112309
0.007371 996.860799
0.007563 996.788898
0.012104 996.734008
0.034585 996.720562
0.039398 996.567680
0.040791 996.429318
0.139542 996.022669
0.149672 992.254693
0.187510 985.291405
1.573226 965.343746
1.573490 965.335166
1.573501 965.312157
1.573663 965.161115
1.574066 964.870372
1.574092 964.716435
1.574105 964.686664
1.574141 964.465418
1.574216 964.407761
1.575531 963.230987
1.576330 963.158039
1.578067 963.144969
1.578160 963.128593
1.578188 963.116362
1.578288 963.112243
1.578387 963.104896
1.578511 963.100057
1.578871 963.097649
1.583109 963.097172
1.583334 963.081551
1.583340 963.081544
1.583340 963.081542
1.583341 963.081526
1.584177 963.080846
1.584281 963.080517
1.585009 963.066565
1.585010 963.054563
1.585012 963.052855
1.585013 963.035105
1.585403 963.032271
1.585421 963.028239
1.585571 962.986811
1.585735 962.986546
1.585759 962.908749
1.585825 962.790722
1.586142 962.761994
1.586146 962.754882
1.586336 962.588678
1.586625 962.338556
1.586957 962.299075
1.587353 962.283009
1.588461 962.276879
1.601164 962.276393
1.612901 962.276345
1.721565 962.275793
1.779190 962.274232
1.786065 962.273118
1.788685 962.273118
1.789019 962.273118
1.789143 962.273118
1.790143 962.273118
1.790328 962.273118
1.793321 962.273118
1.794002 962.273118
1.794374 962.273118
1.794623 962.273118
1.794644 962.273118
1.795512 962.273117
1.795658 962.273117
1.795667 962.273097
1.796085 962.273096
1.796148 962.273096
1.796190 962.273096
1.796306 962.273079
1.796318 962.273074
1.796480 962.273058
1.796596 962.273046
1.799601 962.273016
1.802603 962.273004
1.803128 962.272989
1.808631 962.272986
1.809329 962.272985
1.809719 962.272984
1.809758 962.272982
1.810502 962.272981
1.811147 962.272977
1.811364 962.272976
1.812327 962.272972
1.816201 962.272969
1.844925 962.272965
1.845263 962.272965
1.846356 962.272965
1.847023 962.272965
1.852491 962.272965
1.865750 962.272874
1.885463 962.264354
2.004837 962.236400
2.121970 962.165390
2.122167 962.155190
2.144251 962.135187
4.692614 960.714776
82.073485 958.544365
87.098672 957.694692
87.288117 955.121288
87.325455 955.051084
87.350296 955.012261
87.384554 955.005993
87.439568 954.996155
87.445252 954.992538
87.466258 954.992170
87.470652 954.927536
87.481720 954.898287
87.533159 954.892033
87.546500 954.885247
87.623543 954.884871
87.634272 954.881544
87.635632 954.795014
96.484831 954.478226
97.939019 954.409922
97.985404 954.327730
198.686020 905.065961
208.451870 904.612054
208.525111 904.610844
208.544880 904.608238
208.609100 904.600587
208.739166 904.599295
208.790387 904.597036
208.804162 904.579459
208.815862 904.576806
208.979917 904.575321
210.008954 904.477964
210.266272 904.449962
210.902212 904.259625
210.925443 904.257929
210.932591 904.254545
210.939173 904.253000
211.184730 904.180308
211.449788 904.172258
211.512615 904.169953
211.798707 904.168037
212.768264 904.119585
213.485731 904.034439
213.507084 904.012715
213.545029 903.959834
214.340887 903.710941
214.357457 903.706635
214.363580 903.701078
214.474915 903.687695
214.605173 903.667395
214.656398 903.666397
215.243359 903.645566
215.272060 903.637715
215.295027 903.558097
215.300264 903.552626
215.310726 903.551487
215.312598 903.542739
215.323146 903.536804
215.333414 903.530267
215.521277 903.349673
215.528345 903.287866
215.534228 903.280194
215.540469 903.279794
215.540550 903.277027
215.540572 903.274630
215.549325 903.271815
215.549829 903.271531
215.550298 903.270230
215.551162 903.269801
215.553133 903.269423
215.553135 903.269416
215.553151 903.269383
215.553231 903.269375
215.553240 903.269368
215.553255 903.269364
215.553389 903.269288
215.576404 903.260523
215.852061 903.258693
215.868648 903.258636
215.871558 903.258416
215.872214 903.258305
215.872621 903.258248
215.879010 903.257998
215.880436 903.257851
215.881900 903.257359
215.887632 903.256806
215.889471 903.256689
215.896051 903.256665
215.906629 903.256232
215.906942 903.256227
215.908459 903.255900
215.909012 903.254788
215.909030 903.254482
215.909031 903.253583
215.909064 903.252211
215.909134 903.252206
215.909151 903.251982
215.909152 903.251621
215.909152 903.251611
215.909152 903.251609
215.909152 903.251607
215.909152 903.251576
215.909152 903.251540
215.909152 903.251528
215.909231 903.251518
215.909323 903.251516
215.909344 903.251328
215.909355 903.251315
215.909357 903.251308
215.909361 903.251304
215.950014 903.245850
215.958877 903.240438
216.000155 903.240419
216.009526 903.240401
216.028123 903.240312
216.053784 903.240270
216.053828 903.240203
216.053873 903.239766
216.080500 903.239763
216.084568 903.239705
216.095765 903.239444
216.097690 903.239283
216.148303 903.238623
216.148478 903.238481
216.149245 903.238310
216.151264 903.238308
216.151592 903.238193
216.151602 903.238185
216.151606 903.237850
216.151611 903.237548
216.229946 903.233682
216.229958 903.233661
216.229961 903.233638
216.229962 903.233628
216.229962 903.233620
216.229962 903.233620
216.230001 903.233593
216.230007 903.233591
216.230069 903.233560
216.230329 903.233551
216.230333 903.233551
216.230337 903.233550
216.230359 903.233550
216.230367 903.233550
216.230413 903.233545
216.230535 903.233525
216.231028 903.233518
216.232100 903.233517
216.232132 903.233501
216.232219 903.233496
216.232226 903.233495
216.232227 903.233492
216.232243 903.233478
216.234809 903.233457
216.235437 903.233439
216.236386 903.233411
216.238555 903.233308
216.256979 903.224394
216.258561 903.217718
216.263320 903.202890
216.273648 903.198622
216.281071 903.195621
216.302876 903.194179
216.323002 903.194152
216.410656 903.194145
216.414450 903.182390
216.421895 903.181970
216.431063 903.181483
216.518294 903.180141
216.521458 903.178023
216.650880 903.175057
216.665695 903.175011
216.677118 903.174962
216.678126 903.174949
216.681742 903.174946
216.682894 903.174943
216.726550 903.174943
216.783565 903.174936
216.791886 903.174935
216.795832 903.174930
216.795936 903.174929
216.806598 903.174929
217.063898 903.174914
217.154271 903.174913
217.165756 903.174861
217.480298 903.173540
217.491917 903.173540
217.557623 903.173540
217.562280 903.173536
217.563690 903.173529
217.571318 903.173527
217.571731 903.173400
217.575003 903.173370
217.575691 903.173346
217.577790 903.173346
217.578470 903.173069
217.578522 903.173028
217.578755 903.172687
217.590735 903.172588
217.599145 903.172556
217.801041 903.168518
217.816130 903.167922
217.892755 903.149125
217.940090 903.147497
218.933795 903.143152
218.973997 903.095703
218.998755 903.081494
219.020864 903.079948
219.028779 903.077503
219.038893 903.066361
219.049450 903.063525
219.090451 902.843252
219.091194 902.813414
219.092506 902.783532
219.094061 902.769107
219.094365 902.768853
219.095582 902.768652
219.095650 902.710007
219.095732 902.688662
219.115878 902.649399
219.120295 902.628184
219.120621 902.598125
219.213364 902.582906
219.214190 902.577595
219.214477 902.575794
219.216856 902.573162
219.217391 902.539800
219.219587 902.538097
219.267993 902.536229
219.346699 902.534979
219.346742 902.528884
219.346946 902.523389
219.396216 902.505436
219.594877 902.291089
219.962502 902.246156
220.121844 902.232366
220.172815 902.223042
220.223698 902.215852
220.226946 902.214786
220.319231 902.214469
220.584815 902.213950
220.610263 902.213916
220.628568 902.213902
220.694503 902.213837
220.705230 902.213756
220.712758 902.211147
220.727282 902.209186
220.734350 902.207863
220.735364 902.207812
220.751937 902.207768
220.753781 902.207647
220.759389 902.207482
220.773865 902.207195
220.773866 902.206967
220.773871 902.206937
220.773872 902.206925
220.773874 902.206849
220.773877 902.206843
220.773882 902.206773
220.773894 902.206749
220.773895 902.206748
220.774035 902.205722
220.778575 902.204932
220.807636 902.204727
220.812533 902.204555
220.812771 902.204507
220.813338 902.204358
220.813572 902.204075
220.817320 902.203979
220.818211 902.203976
220.818467 902.203975
220.848093 902.203972
220.848372 902.203967
220.849918 902.203955
220.850115 902.203955
220.852050 902.203954
220.860134 902.203193
220.869558 902.202913
220.872974 902.202673
221.066808 902.202260
221.134918 902.201768
221.483612 902.040436
221.486279 902.040228
221.492351 902.040172
221.511318 902.039974
221.512580 902.039611
221.567266 902.034633
221.735410 902.032566
221.787358 902.031537
221.817769 901.968871
221.830472 901.958546
221.862549 901.954118
221.867531 901.925265
221.891810 901.920048
221.972958 901.919716
221.982640 901.919707
222.016422 901.901813
222.036713 901.899647
222.149840 901.899606
222.159665 901.899490
222.161263 901.898488
222.309250 901.888659
250.640897 900.688147
251.230737 900.681281
252.718389 900.657785
254.627532 900.651296
256.659076 900.638692
262.786185 900.622906
268.160650 900.620808
311.026579 900.602907
313.409087 900.590708
317.939952 900.589838
318.179703 900.572751
318.276740 900.562703
327.527386 900.547797
329.265722 900.538977
329.389034 900.530498
329.504063 900.030284
330.088287 900.030043
330.202387 900.030033
337.050937 900.011720
342.671869 900.003315
345.179225 898.918342
345.405071 898.898271
345.587332 898.895591
345.754741 898.880379
346.301288 898.825061
347.870582 898.763983
348.229048 898.752630
348.823456 898.748893
349.747319 898.745876
350.612255 898.733464
351.571999 896.831562
372.188318 891.462398
372.277907 883.794397
372.283756 880.058270
372.538914 840.574073
405.691882 831.714642
417.651492 823.787544
417.662091 811.897420
417.667143 808.396088
417.674349 791.976815
417.857055 760.152630
417.858834 759.956194
417.862475 757.276735
417.983395 755.967560
435.254227 755.387443
444.588181 755.037119
446.336020 755.031622
447.154636 755.008421
447.218441 755.007214
447.561721 755.003896
447.835205 754.897818
451.091059 754.886618
454.008404 754.848636
456.326667 754.720681
466.519053 754.415586
469.353891 754.244343
473.637467 754.158044
475.136663 754.039467
482.383467 753.945774
508.445429 753.669065
508.771849 753.658542
508.971092 753.658186
509.042971 753.654294
509.273069 753.644296
509.795161 753.625121
510.094280 753.602424
510.642851 753.375781
510.952337 753.323978
522.051131 753.321593
522.186458 753.316070
530.325090 753.285663
530.325541 752.211043
530.325765 752.004980
530.326152 751.810374
530.329562 751.809102
530.333770 751.801797
530.336480 751.800019
530.336932 751.794654
530.337419 751.746313
530.498689 750.696711
530.559852 744.265188
530.561146 741.734678
530.561312 741.318004
530.754822 738.677560
530.768000 738.439943
530.795036 737.920123
530.903659 737.823097
530.926674 737.733377
531.003056 736.846725
531.180326 736.685904
531.383586 736.679055
531.720776 736.664134
532.227617 736.653980
534.409731 736.549571
537.762013 736.125644
537.899476 735.596830
538.164064 735.101793
538.467425 734.927852
538.570321 734.792437
538.622832 733.267414
538.623430 733.072941
538.675227 732.934884
538.679491 732.797713
538.685321 732.753602
540.639567 732.729921
540.725127 732.721701
540.950859 732.707827
541.159329 732.707705
541.329333 732.707354
541.553475 732.707198
543.286054 732.707036
543.366100 732.706995
544.225979 732.706798
544.451507 732.706762
544.453947 732.625777
544.454783 732.623597
544.500492 732.578716
544.533945 732.519074
544.569680 732.286270
544.617038 731.368999
544.655424 731.353367
546.976160 730.222569
547.304105 716.634464
548.275942 715.958264
548.378715 715.948285
548.379047 715.771115
548.385347 715.690861
548.394801 715.375147
548.395090 715.361747
548.395554 715.346254
548.395570 715.295527
548.395990 715.240939
548.397542 715.236093
548.398269 715.231681
548.404943 715.204686
548.405395 715.203539
548.405473 715.203226
548.491339 714.359245
548.499598 714.352892
548.501807 714.352883
548.519545 714.342903
548.629204 714.340856
548.652269 714.340243
548.680514 714.338676
548.680544 714.333411
548.680662 714.332753
548.684478 714.332023
548.691588 714.134625
549.306517 711.328734
549.443867 711.266915
549.550025 711.247305
549.610858 711.244020
549.624353 711.241514
549.720664 711.208570
549.726903 710.942512
549.747720 710.900582
549.767534 710.815263
549.803206 710.716142
549.911937 710.505748
549.996420 691.739414
550.031755 691.685735
550.144146 691.680629
550.146773 691.569631
550.150161 691.536462
550.319913 690.067662
550.326383 689.848805
550.587184 689.845839
550.724131 689.810870
550.777986 689.799450
550.816933 689.610247
550.896860 689.500470
551.148671 686.306291
551.805787 685.505399
552.789230 684.621034
559.687359 682.035457
560.337185 682.018939
561.650472 681.951368
562.434137 681.927962
564.481865 681.907756
564.644722 681.840941
584.822326 681.659818
589.916017 681.495487
594.076153 681.396865
611.570607 680.727158
623.621149 680.712212
623.729743 680.710119
623.997290 680.708775
624.899793 680.688864
626.502463 680.644556
626.595491 680.641913
626.628344 680.372214
626.659484 680.343447
626.661175 680.213027
626.663404 680.202044
626.665013 679.945352
626.666482 679.818316
626.670913 679.806976
626.671937 679.644807
626.672016 679.634426
626.672017 679.633804
626.672046 679.626081
626.672079 679.623036
626.672113 679.613373
626.672123 679.611660
626.672144 679.470412
626.672814 679.348546
626.674873 679.200563
626.674972 679.109479
626.675596 679.108202
626.675631 679.105126
626.676019 679.066873
626.676157 679.046293
626.676167 678.835785
631.614582 678.128794
632.212015 678.120614
632.605902 678.087860
632.674597 678.087231
632.714063 678.082180
632.764322 678.077095
632.796389 678.039234
632.815966 678.038929
632.836329 678.038667
632.836503 678.038493
632.836973 678.038355
632.907438 678.038023
632.920490 678.037868
632.923391 678.037863
632.928548 678.037835
632.933444 678.037658
632.982001 678.037592
633.160847 678.037234
633.181530 677.882937
633.193556 677.860920
633.504467 677.845231
633.504990 677.845217
633.505316 677.845193
633.509013 677.845137
634.143147 677.844828
634.221555 677.840797
634.376380 677.840262
634.409939 677.839832
634.436459 677.839481
634.643475 677.838878
634.677222 677.838307
634.759235 677.838303
634.899180 677.838226
634.905533 677.838223
634.906190 677.838214
635.011806 677.838184
635.057452 677.838177
635.225730 677.838177
635.274483 677.838175
635.531424 677.837844
635.865221 677.837660
635.922612 677.829095
635.965764 677.827028
636.053958 677.826864
637.519211 677.760226
641.407754 677.701691
642.846684 677.697950
642.974520 677.694182
646.286129 677.694169
648.589855 677.636884
649.335883 677.626630
649.373590 677.591224
649.394468 677.590221
649.525182 677.590101
649.651874 677.589458
649.661458 677.585857
649.668005 677.581408
654.086860 677.414011
654.089751 677.414011
654.090833 677.414010
654.096147 677.414010
654.103940 677.414010
654.109953 677.414010
654.110207 677.414010
654.110702 677.414010
654.116812 677.414010
654.118336 677.414010
654.118544 677.414010
654.118576 677.414010
654.118581 677.414010
654.118583 677.414010
654.118615 677.414010
654.118711 677.414010
654.118805 677.414010
654.118838 677.414010
654.118884 677.414009
654.118888 677.414009
654.118896 677.414009
654.118911 677.414009
654.118916 677.414009
654.119695 677.414009
654.120407 677.414009
654.120780 677.414009
654.122902 677.414009
654.123786 677.414009
654.124699 677.414009
654.125085 677.414009
654.125415 677.414009
654.125504 677.414009
654.125664 677.414009
654.126197 677.414009
654.130980 677.414009
654.131558 677.414009
654.156715 677.414004
654.157812 677.414003
654.158095 677.414002
654.162270 677.414001
654.162381 677.414001
654.180790 677.414001
654.195052 677.414001
654.196385 677.414001
654.198238 677.414001
654.198347 677.414001
654.199029 677.414001
654.270416 677.414001
654.276501 677.414001
654.277586 677.414001
654.277686 677.414001
654.278132 677.414001
654.283335 677.414001
654.576641 677.413951
654.593680 677.413944
654.594745 677.413799
654.594791 677.413644
654.609391 677.412756
654.609461 677.412454
654.614334 677.412108
654.614508 677.376519
654.614744 677.375835
654.614767 677.374919
654.614832 677.374811
654.615450 677.374785
654.615570 677.374781
654.615762 677.374776
654.621770 677.374722
654.621780 677.374706
654.622984 677.374665
654.624816 677.374572
654.625039 677.374560
654.631187 677.374557
654.634830 677.374553
654.661492 677.374442
654.685902 677.374431
654.688647 677.374317
654.689935 677.366327
654.690109 677.365826
654.690206 677.365747
654.690242 677.365456
654.690267 677.365248
654.690281 677.361565
654.690283 677.361377
654.690317 677.361371
654.691548 677.361353
654.691670 677.361185
654.691945 677.361032
654.691988 677.361010
654.692042 677.361002
654.692049 677.360996
654.693490 677.359516
654.693501 677.358979
654.693503 677.357943
654.693544 677.357913
654.693555 677.355633
654.694651 677.348428
654.699079 677.343204
654.702237 677.343152
654.705530 677.343130
654.705918 677.342972
654.707239 677.342635
654.707259 677.342336
654.709943 677.299795
654.713591 677.299256
654.716297 677.296848
654.721981 677.287867
654.735400 677.278726
654.788907 677.273543
654.810285 677.273090
654.884064 677.273068
654.887041 677.272719
654.897121 677.272691
654.898295 677.272602
654.898871 677.272584
654.914630 677.272157
654.921208 677.272129
654.929479 677.272110
654.929662 677.272092
654.929700 677.272092
654.929976 677.272091
654.950270 677.272064
655.678677 677.232636
655.687097 677.231874
655.694327 677.230828
655.818165 677.203407
655.973302 677.156618
656.022531 677.110076
657.289771 676.987845
658.286647 676.968692
658.701075 676.833785
658.981684 676.816789
659.027008 676.809566
659.038374 676.802971
659.039810 676.802063
659.040313 676.799974
659.041131 676.791712
659.041399 676.764695
659.044548 676.710918
659.087541 676.707340
659.194799 676.697100
659.297742 676.595746
659.303124 676.590484
659.303196 676.586484
659.303348 676.578597
659.303484 676.574262
659.315635 676.570319
659.316580 676.569956
659.317872 676.569200
659.322019 676.569146
659.323806 676.569139
659.360755 676.563513
662.412970 676.532087
664.876082 676.530023
664.999659 676.529455
665.235399 676.529228
665.424667 676.529045
665.544187 676.529042
665.559431 676.529040
665.561226 676.529040
665.561533 676.529040
665.561581 676.529040
665.672979 676.529039
665.707404 676.529024
665.733615 676.529022
665.753948 676.529002
665.831568 676.528996
665.865126 676.528944
665.873691 676.528941
665.875888 676.528934
665.876345 676.528928
665.876378 676.528920
665.876437 676.528917
665.876707 676.528911
665.881303 676.528865
665.883280 676.528836
665.915083 676.528806
665.918778 676.528802
665.971422 676.528781
665.993699 676.528742
665.996208 676.528719
666.035001 676.528650
666.037223 676.528592
666.294622 676.528568
666.327545 676.528566
666.605846 676.528542
667.014065 676.528538
667.096483 676.528535
667.289659 676.528535
667.768765 676.527543
670.039378 676.524810
670.040060 676.524794
670.042545 676.524695
670.050750 676.524058
672.594097 676.429952
673.219341 676.399601
673.235179 676.399600
673.235584 676.399600
673.236363 676.399600
673.238217 676.399600
673.285108 676.399599
673.292557 676.399597
673.293343 676.399597
673.294929 676.399597
673.464003 676.399596
673.477712 676.399594
673.481222 676.399594
673.491824 676.399594
673.519454 676.399593
673.519925 676.399593
673.519926 676.399593
673.519928 676.399593
673.521184 676.399588
673.533833 676.399585
673.616967 676.399571
673.621277 676.399568
673.621404 676.399568
673.621452 676.399568
673.621537 676.399568
673.621550 676.399568
673.621784 676.399567
673.622154 676.399566
673.623308 676.399566
673.646103 676.399566
673.650118 676.399563
673.662952 676.399563
673.662997 676.399563
673.663004 676.399562
673.663006 676.399562
673.663006 676.399562
673.663010 676.399562
673.663414 676.399559
673.664661 676.399556
673.664763 676.399556
673.664827 676.399556
673.664827 676.399556
673.664834 676.399556
673.664836 676.399556
673.664907 676.399556
673.664908 676.399556
673.664909 676.399556
673.664910 676.399556
673.664911 676.399556
673.664911 676.399556
673.664917 676.399556
673.664925 676.399556
673.665109 676.399556
673.665114 676.399556
673.665290 676.399556
673.665487 676.399556
673.665514 676.399556
673.665524 676.399556
673.665637 676.399556
673.665686 676.399556
673.665808 676.399556
673.676744 676.399556
673.691606 676.399555
673.694196 676.399555
673.702538 676.399555
673.703388 676.399555
673.705860 676.399555
673.709767 676.399554
673.713021 676.399554
673.744400 676.399554
673.745551 676.399552
673.746343 676.399552
673.746552 676.399552
673.746705 676.399551
673.747569 676.399550
673.747621 676.399550
673.753472 676.399335
673.753774 676.399333
673.753789 676.399333
673.753827 676.399333
673.754037 676.399330
673.754054 676.399309
673.754610 676.399295
673.755085 676.399282
673.755217 676.399272
673.758490 676.399264
673.758767 676.399108
673.759015 676.399089
674.006863 675.061570
674.668306 673.734336
680.243082 657.828671
736.272066 656.366259
739.428805 654.977902
741.771116 651.443483
758.190663 648.640722
759.795088 648.440197
760.700189 648.434914
760.982800 648.428916
821.537214 625.969186
925.547353 134.118183
931.987244 130.788130
942.923150 121.809469
943.212691 121.790823
946.478957 108.346241
949.324604 97.095795
949.899741 75.292636
967.696103 73.973279
970.141343 73.848724
983.619671 50.416250
986.883892 16.316046
989.673302 13.030349
