1000.000000 2.000000
0.002129 991.123369
0.002715 988.177503
0.003145 986.869490
0.004349 978.790342
0.005413 978.010876
0.007639 952.635886
0.007650 952.611992
0.009220 952.610925
0.011504 952.304580
0.011822 950.074263
0.012363 948.353665
0.012369 948.315401
0.012573 945.592958
0.012710 944.750308
0.013894 934.544005
0.013951 934.271027
0.013977 934.169806
0.014009 934.033303
0.014015 933.862738
0.014022 933.818344
0.014127 933.660598
0.014133 933.519352
0.014138 933.421797
0.014219 931.716861
0.093926 929.055665
0.105207 929.012799
0.106009 928.952876
0.124540 921.944917
0.159397 916.507599
0.176822 910.555995
0.187878 904.130822
0.208113 898.222092
0.211982 871.412844
0.211988 857.640910
0.213418 849.711097
0.213595 849.333609
0.215398 845.473866
0.215627 844.338774
0.218300 843.903678
0.219326 843.900110
0.224998 843.897058
0.225930 843.894892
0.226505 836.279909
0.226510 835.887858
0.226530 834.448288
0.226533 833.581419
0.226543 832.806513
0.226601 830.978447
0.239189 830.166856
0.244860 829.275788
0.248303 828.754351
0.250293 826.626844
0.252720 826.564688
0.257866 826.073186
0.259634 813.081679
0.260841 808.600178
0.278819 804.606252
0.330320 804.567981
0.344192 804.401317
0.356061 804.192076
0.363329 803.426570
0.372164 777.629476
0.379353 777.262432
0.404046 776.514131
0.411845 759.842639
0.444674 700.169959
0.463950 695.083438
0.465067 691.995005
0.618236 680.871564
0.794311 680.771238
0.798173 680.706025
0.798918 680.694076
0.802915 680.691577
0.808765 680.688412
0.832771 680.682009
0.834423 680.676962
0.841999 680.637478
0.859075 678.827214
0.960671 676.813880
1.031171 676.632984
1.077663 676.549004
1.128419 676.521388
1.178496 676.516137
1.182169 676.489996
1.207969 676.481845
1.212576 676.478194
1.213818 676.475338
1.222878 676.470011
1.223076 676.466493
1.226459 676.456532
1.481694 676.053653
1.495494 675.169423
1.496220 674.841009
1.505717 674.554372
1.558066 673.696284
4.818777 669.200240
4.924204 667.646817
4.933146 667.614564
4.951017 667.577432
4.956115 667.496864
4.965692 667.062752
5.243918 666.995493
5.533676 666.987427
5.701847 666.966999
6.454582 666.956297
6.615691 648.949219
7.586489 648.887990
7.751111 648.873978
7.755798 648.871010
7.759650 648.869217
7.759956 648.868422
7.760632 648.868372
7.767242 648.867921
7.833950 648.864164
7.841457 648.855829
8.229887 648.570127
8.353869 648.420275
8.414921 648.414291
8.475018 648.366548
8.495202 648.034294
10.710964 642.652752
12.511843 638.639359
12.558370 638.448089
12.643742 638.258023
15.974169 638.006046
17.686239 637.998012
18.169157 637.966155
18.495069 637.950083
19.505287 637.272298
19.766436 636.859497
20.146893 636.719470
20.635016 636.666725
20.641568 636.661563
20.642005 636.660756
20.647881 636.660572
20.649529 636.660347
20.650772 636.660229
20.655826 636.658710
20.667785 636.657488
20.673292 636.657303
20.809217 636.657077
20.866867 636.653556
21.264780 636.555236
21.267470 636.453432
21.273505 636.406616
21.371947 636.404425
21.393446 636.320125
21.435332 636.226525
21.517529 636.191956
21.517558 636.190945
21.517593 636.190753
21.517614 636.190696
21.517658 636.190691
21.517949 636.190664
21.517989 636.190580
21.518155 636.190389
21.518167 636.189982
21.518560 636.187481
21.518607 636.172530
21.518639 636.170041
21.518818 636.162967
21.518914 636.109440
21.519218 636.098354
21.519383 636.086866
21.519406 636.073787
21.520787 636.068810
21.521557 635.998989
21.522357 635.960260
21.524827 635.819280
21.525183 635.815740
21.525184 635.813720
21.525185 635.812310
21.525203 635.811972
21.525310 635.809148
21.525318 635.809035
21.525350 635.809001
21.525359 635.808976
21.527180 635.808536
21.527684 635.808483
21.528428 635.808057
21.528438 635.806279
21.528481 635.805659
21.528532 635.805259
21.528619 635.802664
21.534480 635.798581
21.534527 635.798424
21.534538 635.797412
21.534579 635.795473
21.534635 635.793151
21.535477 635.793019
21.535533 635.793007
21.535568 635.790681
21.536760 635.788259
21.539384 635.785793
21.540655 635.784694
21.571774 635.783006
21.571809 635.782804
21.573401 635.778969
21.581557 635.775092
21.836659 634.911717
21.836728 634.424502
21.837851 634.394468
21.838614 634.349123
21.838679 634.349050
21.838745 634.348591
21.838894 634.334345
21.838901 634.330017
21.838903 634.326317
21.839239 634.198504
21.839305 634.155809
21.839373 634.100481
21.839375 634.100470
21.839380 634.100297
21.839389 634.100271
21.839402 634.100252
21.839428 634.100149
21.839432 634.100125
21.839432 634.092375
21.839443 634.091564
21.839448 634.089586
21.839452 634.088682
21.839477 634.085458
21.839497 634.084833
21.839499 634.080602
21.839518 634.080413
21.839526 634.078549
21.839532 634.076209
21.839533 634.069681
21.839533 634.069545
21.839533 634.069188
21.839535 634.069094
21.839628 634.069001
21.839639 634.068931
21.839677 634.068690
21.839777 634.068683
22.135439 634.064164
22.152309 634.064155
22.155574 634.064135
22.209332 634.064125
22.959311 634.051073
23.725563 634.048813
23.726742 633.794286
23.727226 633.624709
23.735053 633.620258
23.794732 632.743525
24.054859 632.105352
24.082542 631.987090
24.083771 631.513071
24.085304 631.485106
24.088730 631.412897
24.149042 631.361093
24.287728 631.327221
24.732871 629.107860
24.774602 629.093807
24.837902 629.087214
24.852227 627.406798
24.853079 626.685946
24.859611 620.560129
24.911574 619.448693
25.014536 619.225957
25.044166 619.223889
25.063106 619.223229
25.078072 619.222676
25.207336 619.222657
25.240132 619.222310
25.244282 619.220794
25.338568 619.220715
25.377454 619.219317
25.401791 619.216025
25.466385 619.174033
25.559458 619.158103
25.574678 619.092501
25.595976 619.077615
25.685282 619.069455
25.740849 619.041350
25.749621 618.933083
25.773578 618.434563
26.052140 618.228481
26.696117 618.223611
26.776598 618.217688
28.284212 618.214737
28.833181 612.167009
29.013506 606.465248
29.143846 587.585685
33.442003 561.779267
33.657355 536.590068
36.055447 507.062596
36.202386 503.715350
36.744213 499.220799
37.149555 498.863680
37.152743 498.759993
40.249028 489.724245
40.506828 487.880123
40.725301 487.307686
40.816681 486.731629
41.604256 483.503507
42.978120 481.806240
43.050356 481.275937
43.057753 481.099704
43.166580 481.092546
43.256987 481.092219
43.257701 481.092201
43.274569 481.091850
43.274628 481.091773
43.290499 481.091549
43.303753 481.091451
43.379046 480.947728
43.388688 480.922414
43.403626 480.309765
43.409038 480.258389
43.424316 480.108131
43.603923 480.021835
43.669274 470.163117
43.669839 433.634554
43.676740 432.718832
43.683105 426.279487
43.689454 410.949735
43.712997 407.101898
43.716860 393.305896
43.728282 357.157527
43.728989 346.511655
43.731083 346.409808
43.771887 346.336593
43.772712 346.025141
43.773735 345.670274
43.774369 343.962435
43.774435 343.473572
43.774584 342.640050
43.774662 341.848208
43.775987 341.826651
43.776578 341.800363
43.784345 307.380979
43.789539 298.799479
43.803038 291.098392
43.839648 288.892768
43.856536 268.213060
43.857470 267.837651
43.874411 260.703405
43.877637 257.347465
43.881146 252.339791
43.882205 252.336602
43.882588 252.335902
43.882989 252.327772
43.889682 252.314036
43.890031 252.291783
43.964085 180.153129
44.133397 141.167010
44.185954 72.530706
44.450349 11.588151
44.466827 5.993456
44.498523 5.207604
44.683555 5.167540
44.708250 5.119232
45.255480 5.107412
598.423387 4.931569
601.402576 4.929864
607.196767 4.928081
612.941404 4.928028
612.941407 4.927507
612.941420 4.927062
612.999081 4.927058
613.242790 4.926974
613.429325 4.926926
613.549778 4.926902
614.162378 4.926690
614.475212 4.924628
615.128368 4.923326
615.563958 4.906594
625.588620 4.904795
625.648301 4.899381
625.700263 4.875425
625.755264 4.875078
625.813365 4.875065
625.891027 4.874984
627.823564 4.874875
628.363607 4.874755
641.515247 4.869233
641.662536 4.868226
641.931701 4.868009
643.311143 4.853651
659.180334 4.785728
660.667002 4.756985
660.941635 4.692751
661.486905 4.691407
661.871200 4.690359
694.646531 4.623618
757.858318 4.601576
769.783048 4.581625
770.640202 4.581426
770.880594 4.580911
771.598532 4.573119
771.661860 4.370081
771.668288 4.367208
771.715673 4.366247
771.890566 4.362236
771.899336 4.265393
772.163088 4.264633
772.182431 4.261177
772.190422 4.260343
772.250214 4.193443
772.329180 4.142032
772.503320 4.140724
772.556661 4.140587
772.565553 4.140291
773.793255 4.111411
774.087147 4.104994
774.094954 4.104308
774.278290 4.092765
807.770080 4.047712
807.772523 4.047516
807.775447 4.047128
807.780141 4.046249
807.792368 4.036075
807.800229 4.035715
807.837461 4.034589
807.837841 4.034563
807.837904 4.034559
807.838018 4.034549
807.838503 4.034547
807.839727 4.034540
807.840106 4.034538
807.845489 4.034422
808.428555 3.988709
808.531740 3.982471
808.542146 3.981097
808.548531 3.980803
808.641810 3.980345
808.891492 3.972047
809.744716 3.192372
814.080495 3.103762
814.526994 3.097779
814.643135 3.089184
814.645009 3.085686
814.691811 3.083509
814.774733 3.080196
814.778612 3.080017
815.332468 2.889692
815.346017 2.338366
815.373222 2.293836
815.461763 2.291741
815.543233 2.222472
815.575215 2.191296
816.797872 1.202254
817.419983 0.981829
817.521056 0.978534
817.529483 0.959328
817.566578 0.957039
817.609596 0.955319
817.942177 0.953321
818.012169 0.950909
818.017466 0.941630
820.909588 0.694972
820.926413 0.692085
820.942150 0.644105
821.353677 0.613510
822.152031 0.544718
822.540652 0.528420
825.150941 0.524066
825.685755 0.523978
892.419231 0.521043
895.817642 0.509621
895.817669 0.509602
895.818718 0.509577
984.711368 0.507919
984.790918 0.455118
984.870904 0.347302
985.052758 0.335009
986.301071 0.324220
986.663268 0.323488
987.033337 0.322737
988.017939 0.322408
988.058550 0.321227
988.215894 0.318908
988.238759 0.318792
988.257405 0.318783
988.313018 0.318674
988.329433 0.318553
988.352073 0.318349
988.558613 0.318148
988.832642 0.317849
988.938534 0.317499
989.133238 0.317219
989.136283 0.308030
989.145525 0.305333
989.158095 0.305291
989.225640 0.304657
989.227731 0.302207
989.230125 0.301933
989.233491 0.299029
989.236076 0.296745
989.236278 0.296706
989.238758 0.296691
989.240163 0.296686
989.253056 0.296430
989.334528 0.295498
990.056905 0.287012
990.275967 0.286532
990.343087 0.286484
990.884138 0.286225
990.885295 0.285866
990.885356 0.285691
990.885465 0.285360
990.887327 0.284918
990.887331 0.278638
990.887334 0.277875
990.887344 0.277071
990.887351 0.277064
990.887355 0.270201
990.887393 0.269930
990.895289 0.269275
990.908521 0.268357
990.973863 0.266200
990.974329 0.266197
990.975048 0.266197
990.977839 0.266197
990.983477 0.266196
991.009854 0.266033
991.009887 0.266021
991.010155 0.266008
991.060035 0.264046
991.197051 0.264035
991.197364 0.264028
991.197790 0.264004
991.197866 0.263984
991.205594 0.263959
991.206884 0.263731
991.207080 0.263421
991.208261 0.263344
991.209999 0.263338
991.210432 0.263338
991.211684 0.263338
991.211701 0.263274
991.216262 0.263247
991.218339 0.263178
991.223221 0.263092
991.223360 0.263050
991.223475 0.263037
991.223588 0.262934
991.229152 0.262648
991.229441 0.260272
991.230181 0.257481
991.230518 0.255582
991.231401 0.247982
991.245458 0.239989
991.245576 0.222778
991.245700 0.214411
991.258388 0.213608
991.265425 0.211963
991.265538 0.211714
991.269962 0.211363
991.275143 0.211195
991.283179 0.210980
991.295705 0.210590
991.295708 0.210519
991.295780 0.210483
991.295869 0.210419
991.295877 0.210413
991.295891 0.210411
991.295893 0.210411
991.296046 0.210411
991.296146 0.210410
991.296523 0.210070
991.296574 0.209938
991.306124 0.209351
991.313100 0.209351
991.320122 0.209350
991.320125 0.209350
991.327196 0.209350
991.338000 0.209349
991.338435 0.209341
991.343513 0.209339
991.344483 0.209326
991.346700 0.209326
991.355253 0.209326
991.372910 0.209326
991.380589 0.209259
991.387190 0.209258
991.387726 0.209252
991.389697 0.209250
991.392619 0.209248
991.396942 0.209242
991.399978 0.209233
991.400219 0.209231
991.400847 0.209229
991.400849 0.209228
991.400849 0.209228
991.400849 0.209228
991.400849 0.209228
991.400849 0.209228
991.400849 0.209228
991.400850 0.209228
991.400850 0.209228
991.400850 0.209228
991.400853 0.209227
991.400854 0.209225
991.400931 0.209214
991.400984 0.209181
991.426024 0.207865
991.434391 0.207141
991.441787 0.206936
991.441928 0.206936
991.442717 0.206935
991.442771 0.206934
991.442902 0.206931
991.522150 0.206659
991.538476 0.206631
991.542298 0.206625
991.542668 0.206620
991.547510 0.206620
991.547679 0.206619
991.592195 0.206607
992.541927 0.206603
993.011830 0.206591
993.037342 0.206581
994.514987 0.206575
997.338785 0.162488
997.869068 0.156113
998.308279 0.149593
998.638209 0.143202
998.901994 0.134715
998.915358 0.132788
998.941804 0.131970
998.944732 0.131182
998.945376 0.130690
998.946633 0.130178
998.946636 0.130170
998.946637 0.130169
998.946638 0.130167
998.946638 0.130167
998.946640 0.130167
998.946641 0.130134
998.946641 0.130131
998.946641 0.130120
998.946641 0.130114
998.946641 0.130114
998.946641 0.130114
998.946643 0.130114
998.946643 0.130110
998.946643 0.130110
998.946661 0.130083
998.946683 0.130071
998.946697 0.130071
998.946710 0.130069
998.946710 0.130069
998.946711 0.130069
998.946711 0.130069
998.946711 0.130069
998.946711 0.130068
998.946712 0.130068
998.946712 0.130067
998.946712 0.130067
998.946720 0.130022
998.946759 0.129991
998.946766 0.129966
998.946771 0.129771
998.946771 0.129582
998.946777 0.129577
998.946781 0.129372
998.946781 0.128585
998.946785 0.128303
998.946785 0.128302
998.946785 0.128299
998.946785 0.128299
998.946785 0.128298
998.946785 0.128280
998.946785 0.128280
998.946785 0.128279
998.946785 0.128279
998.946785 0.128278
998.946786 0.128278
998.946786 0.128274
998.946786 0.128235
998.946787 0.128188
998.946787 0.128178
998.946787 0.128160
998.946787 0.128160
998.946787 0.128160
998.946787 0.128159
998.946787 0.128159
998.946787 0.128159
998.946788 0.128011
998.946789 0.127622
998.949629 0.127117
998.952330 0.125539
998.952439 0.125534
998.952440 0.125527
998.952451 0.125493
998.952454 0.125482
998.952629 0.125447
998.952657 0.125426
998.952767 0.125425
998.953555 0.125395
998.953563 0.125394
998.953563 0.125394
998.953602 0.125394
998.953611 0.125394
998.953625 0.125394
998.953738 0.125394
998.953883 0.125392
998.954704 0.125392
998.956425 0.125392
998.956483 0.125391
998.956751 0.125390
998.956759 0.125389
998.957383 0.125389
998.957426 0.125389
998.957726 0.125388
998.959819 0.125379
998.961264 0.125364
998.962728 0.125354
998.962728 0.125352
998.962728 0.125349
998.962728 0.125345
998.962729 0.125344
998.962729 0.125342
998.962729 0.125342
998.962749 0.125329
998.962749 0.125328
998.962749 0.125328
998.962750 0.125328
998.962750 0.125327
998.962750 0.125327
998.962750 0.125327
998.962752 0.125327
998.962763 0.125326
998.962781 0.125322
998.962817 0.125321
998.962926 0.125321
998.962977 0.125321
998.963054 0.125321
998.963425 0.125317
998.964007 0.125309
998.964264 0.125303
998.964472 0.125292
998.964487 0.125292
998.964497 0.125292
998.964504 0.125292
998.964507 0.125292
998.964538 0.125292
998.964542 0.125292
998.964544 0.125292
998.964588 0.125292
998.964589 0.125292
998.964599 0.125292
998.965211 0.125291
998.966937 0.125291
998.967521 0.125291
998.967963 0.125291
998.968001 0.125290
998.968746 0.125290
998.969317 0.125289
998.970805 0.125289
998.970959 0.125289
998.971054 0.125289
998.971333 0.125289
998.971386 0.125289
998.971391 0.125289
998.971527 0.125289
998.971978 0.125289
998.972023 0.125287
998.972027 0.125287
998.973240 0.125287
998.973324 0.125287
998.973369 0.125287
998.973369 0.125287
998.973371 0.125287
998.973378 0.125287
998.973378 0.125287
998.973379 0.125287
998.973379 0.125287
998.973379 0.125287
998.973391 0.125287
998.973392 0.125287
998.973393 0.125287
998.973398 0.125287
998.973399 0.125287
998.973400 0.125287
998.973611 0.125287
998.973650 0.125287
998.973651 0.125287
998.973651 0.125287
998.973660 0.125287
998.973769 0.125287
998.973793 0.125287
998.974182 0.125287
998.974218 0.125287
998.974309 0.125287
998.974392 0.125287
998.974804 0.125287
998.975733 0.125287
998.975755 0.125287
998.975758 0.125287
998.975762 0.125287
998.975765 0.125287
998.975772 0.125287
998.975781 0.125287
998.975799 0.125287
998.975823 0.125287
998.975823 0.125287
998.975823 0.125287
998.975823 0.125287
998.975824 0.125287
998.975831 0.125287
998.975835 0.125287
998.975867 0.125287
998.975984 0.125287
998.975992 0.125287
998.976006 0.125287
998.976402 0.125287
998.977855 0.125287
998.977895 0.125245
998.977968 0.125244
998.977980 0.125242
998.977980 0.125242
998.977980 0.125242
998.977980 0.125241
998.977984 0.125239
998.977984 0.125239
998.977984 0.125239
998.977984 0.125239
998.977984 0.125239
998.977984 0.125239
998.977985 0.125237
998.977990 0.125235
998.977997 0.125235
998.978000 0.125235
998.978007 0.125234
998.978009 0.125232
998.979497 0.125230
998.979518 0.125229
998.979676 0.125229
998.980622 0.125225
998.981990 0.124978
998.983579 0.124565
998.983996 0.124320
998.984333 0.124096
998.989888 0.123914
998.994212 0.123912
998.996986 0.123909
998.997199 0.123838
999.028584 0.121158
999.032689 0.121115
999.035938 0.121086
999.039847 0.121023
999.040102 0.119509
999.040252 0.118844
999.040284 0.118740
999.040323 0.118389
999.040556 0.117740
999.040575 0.115927
999.045455 0.113130
999.053686 0.110466
999.064131 0.102660
999.081712 0.102543
999.084986 0.095059
999.085174 0.082280
999.106416 0.081953
999.121836 0.064576
999.123352 0.064320
999.123926 0.063323
999.135174 0.062963
999.137495 0.062139
999.138562 0.061822
999.138820 0.061511
999.138821 0.061511
999.138822 0.061511
999.138823 0.061511
999.138831 0.061511
999.138831 0.061510
999.138878 0.061389
999.143012 0.054381
999.143273 0.054217
999.144039 0.054002
999.145537 0.053940
999.148161 0.052629
999.149020 0.051616
999.156977 0.051592
999.157094 0.051532
999.157853 0.051448
999.160041 0.051448
999.253333 0.051447
999.259013 0.051446
999.259109 0.051446
999.259501 0.051444
999.263506 0.051390
999.293468 0.051293
999.297905 0.051154
999.319215 0.050470
999.336785 0.050470
999.348360 0.050421
999.366414 0.048731
999.368657 0.048699
999.372506 0.048668
999.374760 0.048664
999.674920 0.031015
999.757001 0.025057
999.784850 0.014624
999.795009 0.013271
999.817701 0.012303
999.817711 0.012254
999.817715 0.012090
999.817715 0.012088
999.817715 0.012040
999.817715 0.012039
999.817715 0.012039
999.817715 0.012039
999.817715 0.012039
999.817715 0.012039
999.817715 0.012038
999.817715 0.012038
999.817716 0.012038
999.817717 0.012038
999.817718 0.012036
999.817729 0.012035
999.817729 0.012033
999.817731 0.012033
999.817731 0.012031
999.817733 0.012025
999.817867 0.012018
999.817874 0.012018
999.817879 0.012018
999.817879 0.012016
999.817879 0.012015
999.817880 0.012008
999.817887 0.012007
999.817888 0.011995
999.818046 0.011870
999.818208 0.011830
999.818466 0.011762
999.818475 0.011761
999.818488 0.011760
999.818521 0.011760
999.818944 0.011760
999.819141 0.011759
999.819182 0.011757
999.819204 0.011749
999.820366 0.011744
999.820526 0.011738
999.820635 0.011610
999.820641 0.011608
999.820731 0.011448
999.820751 0.011286
999.820955 0.011273
999.820979 0.010378
999.821000 0.009985
999.821000 0.009984
999.821000 0.009984
999.821001 0.009974
999.821002 0.009960
999.821002 0.009930
999.821002 0.009813
999.821003 0.008554
999.821003 0.008502
999.821003 0.008500
999.821003 0.008499
999.821004 0.008498
999.821004 0.008494
999.821004 0.008402
999.821004 0.008402
999.821004 0.008402
999.821004 0.008402
999.821004 0.008399
999.821004 0.008398
999.821004 0.008397
999.821004 0.008396
999.821004 0.008395
999.821004 0.008394
999.821004 0.008394
999.821004 0.008390
999.821004 0.008389
999.821004 0.008378
999.821006 0.008345
999.821011 0.008345
999.821012 0.008332
999.821013 0.008330
999.821014 0.008329
999.821014 0.008329
999.821015 0.008320
999.821015 0.008304
999.821031 0.008297
999.821031 0.008262
999.821031 0.008250
999.821038 0.008240
999.821038 0.008227
999.821039 0.007694
999.821040 0.007228
999.821041 0.007061
999.821041 0.006860
999.821041 0.006845
999.821041 0.006843
999.821044 0.006703
999.821046 0.006663
999.933527 0.004572
999.952548 0.004474
999.966614 0.004193
999.969398 0.004190
999.970273 0.004140
999.981807 0.003766
999.982023 0.002465
999.982057 0.000517
